0.487533152040205,-1.72549296230564,0.502188017011908,-0.489401860771275,1.7260487160858,-0.502865049872311,211.633809552403,211.633809552403,0.0484848484848485
0.475601292728839,-1.72023195241533,0.497196090238743,-0.489153351513457,1.72428345604493,-0.502075380280019,209.962705531663,209.962705531663,0.096969696969697
0.447504969493846,-1.70771236843298,0.485641729601004,-0.488565647293344,1.72013500244575,-0.500203544660612,207.264138261421,207.264138261421,0.145454545454545
0.401124437982807,-1.6866749258208,0.467207378541801,-0.487588005660659,1.71332250498709,-0.497080280811796,203.608967276127,203.608967276127,0.193939393939394
0.337678934340377,-1.65725861914856,0.443352997976182,-0.486236188709881,1.7041096445878,-0.492757069220803,199.068052110229,199.068052110229,0.242424242424242
0.260569419234272,-1.62075172910904,0.416619869502999,-0.484571002518506,1.69315344971206,-0.487462021170578,193.712252298175,193.712252298175,0.290909090909091
0.174130555834438,-1.57923050498678,0.389783996677502,-0.482673802430768,1.68131103329236,-0.481541406805262,187.612427374413,187.612427374413,0.339393939393939
0.0827308350619124,-1.5351441676874,0.365186883123578,-0.480628028949557,1.66946100690004,-0.475397859023389,180.839436873391,180.839436873391,0.387878787878788
-0.00959136510565877,-1.49096471714887,0.344398322522478,-0.478512906169206,1.6583782327276,-0.46943709881408,173.464140329559,173.464140329559,0.436363636363636
-0.099066577553368,-1.44896941011027,0.328161388166788,-0.476408316437766,1.64866213329597,-0.464024899934313,165.557397277364,165.557397277364,0.484848484848485
-0.181980250094348,-1.41113252023164,0.316492553947212,-0.474403873106566,1.64069638017496,-0.459447240109003,157.190067251255,157.190067251255,0.533333333333333
-0.254595673415995,-1.3790576988632,0.308850339783748,-0.472602707614502,1.63462737512486,-0.455871460221482,148.43300978568,148.43300978568,0.581818181818182
-0.313428715592514,-1.35389268570166,0.304347219739676,-0.471111933250601,1.63037372909892,-0.453322639062077,139.357084415087,139.357084415087,0.63030303030303
-0.355939002939694,-1.33619748109117,0.301993763697592,-0.470017967814138,1.6276837049348,-0.451697098040168,130.033150673925,130.033150673925,0.678787878787879
-0.381495173803139,-1.32576259334573,0.300929763811927,-0.469353971223808,1.62622399705295,-0.450813157983227,120.532068096642,120.532068096642,0.727272727272727
-0.392305150143643,-1.32139522319007,0.300557180920373,-0.469071766569533,1.62564234967893,-0.450461126402654,110.924696217687,110.924696217687,0.775757575757576
-0.394031768501995,-1.32070021761022,0.300501888320946,-0.46902662050796,1.62555141984577,-0.450406121796092,101.281894571507,101.281894571507,0.824242424242424
-0.394352571916609,-1.32138055855401,0.300657420718703,-0.469007392805501,1.62563571519043,-0.45046735228628,91.6745226925518,91.6745226925518,0.872727272727273
-0.396348906819213,-1.32561954055344,0.301620393128577,-0.46888776938557,1.62616103340503,-0.450848238739824,82.1734401152689,82.1734401152689,0.921212121212121
-0.401041333500646,-1.33561812922954,0.303850453349363,-0.46860682377481,1.62740066065933,-0.451742313112586,72.849506374107,72.849506374107,0.96969696969697
-0.408809002198061,-1.35227007597888,0.30743757361792,-0.468142692885153,1.62946592236398,-0.453217214966794,63.7735810035143,63.7735810035143,1.01818181818182
-0.419504934770145,-1.37538234225884,0.31215971919776,-0.46750624178448,1.63233073006594,-0.455233019220739,55.0165235379392,55.0165235379392,1.06666666666667
-0.43260491144041,-1.40392657532294,0.317592406497454,-0.466732544064399,1.63585872175801,-0.457667710340974,46.6491935118299,46.6491935118299,1.11515151515152
-0.447358470781589,-1.43629854578499,0.323238063931677,-0.465871488735101,1.63983350360738,-0.46034758466525,38.742450459635,38.742450459635,1.16363636363636
-0.462909225050056,-1.47055760908788,0.328637325556543,-0.464979153041801,1.64399163121766,-0.463078702251662,31.3671539158026,31.3671539158026,1.21212121212121
-0.4783724818246,-1.50463137292741,0.33344023225394,-0.464110960767462,1.64805689780372,-0.465675518761505,24.5941634147812,24.5941634147812,1.26060606060606
-0.492882618787938,-1.53649052457404,0.337434587780639,-0.463316745749114,1.651773554221,-0.467983683124769,18.4943384910191,18.4943384910191,1.30909090909091
-0.505636712942803,-1.5643127229674,0.340540131063429,-0.462637218164732,1.65493525695751,-0.469894932007365,13.1385386789647,13.1385386789647,1.35757575757576
-0.515960204379143,-1.58665590604021,0.34278079125484,-0.462101157837591,1.65740616518686,-0.471353057909774,8.59762351306639,8.59762351306639,1.40606060606061
-0.5234068137303,-1.60265158457988,0.344248290083403,-0.461722765913018,1.65913219274905,-0.472351965239581,4.94245252777237,4.94245252777237,1.45454545454545
-0.527884705479539,-1.61221499574848,0.345071752974896,-0.461498714714911,1.66014526146957,-0.472930334937311,2.24388525753102,2.24388525753102,1.5030303030303
-0.529785073364686,-1.61626015933245,0.345407992227782,-0.461404441528056,1.66056925754505,-0.473170594763485,0.572781236790797,0.572781236790797,1.55151515151515
-0.530090193981115,-1.61690887594953,0.345461248502438,-0.461389350729125,1.66063699609754,-0.473208878816052,0,0,1.6
-0.530078610836542,-1.61691001319001,0.345460143297171,-0.461382056306045,1.66064529195892,-0.473212551035628,0.572781236790823,0.572781236790823,1.64848484848485
-0.529998958832468,-1.61691783534984,0.345452545113904,-0.461331896896348,1.66070233893046,-0.473237800477296,2.24388525753106,2.24388525753106,1.6969696969697
-0.529787125363255,-1.61693865421573,0.345432353220995,-0.461198507192683,1.66085405558391,-0.473304927773951,4.94245252777235,4.94245252777235,1.74545454545455
-0.529383384379255,-1.6169783977459,0.34539393068342,-0.460944309534536,1.66114322166327,-0.473432774440249,8.59762351306637,8.59762351306637,1.79393939393939
-0.528732505835891,-1.61704264599247,0.345332160083212,-0.460534607835663,1.66160940235553,-0.473638619812681,13.1385386789647,13.1385386789647,1.84242424242424
-0.527783889008381,-1.6171366746929,0.345242511689551,-0.459937701580856,1.66228885566534,-0.473938055337631,18.4943384910191,18.4943384910191,1.89090909090909
-0.526491708028832,-1.61726550252377,0.345121118482725,-0.459125009440294,1.66321443052207,-0.474344846970511,24.5941634147812,24.5941634147812,1.93939393939394
-0.524815058325916,-1.61743393806295,0.34496485268422,-0.458071192204311,1.66441546290989,-0.474870796090421,31.3671539158026,31.3671539158026,1.98787878787879
-0.52271809319721,-1.61764662265393,0.344771398757545,-0.456754265152273,1.66591767687482,-0.47552560878983,38.7424504596349,38.7424504596349,2.03636363636364
-0.520170140600317,-1.61790806564219,0.344539318244972,-0.45515569072705,1.66774309669263,-0.476316782601386,46.6491935118299,46.6491935118299,2.08484848484848
-0.517145791451058,-1.61822266887797,0.344268102306492,-0.453260443536493,1.66990997576063,-0.477249518641486,55.0165235379391,55.0165235379391,2.13333333333333
-0.513624952261356,-1.61859473795027,0.343958208430117,-0.45105704124153,1.67243274690575,-0.478326665785512,63.7735810035143,63.7735810035143,2.18181818181818
-0.509592856789417,-1.61902847831898,0.343611078476638,-0.448537536764341,1.67532199780217,-0.479548701881064,72.849506374107,72.849506374107,2.23030303030303
-0.505040033425807,-1.61952797531092,0.343229135986749,-0.445697469364406,1.6785844740992,-0.480913755222838,82.173440115269,82.173440115269,2.27878787878788
-0.499962227188658,-1.62009715779946,0.342815761485656,-0.442535774357775,1.68222311172499,-0.482417667648966,91.6745226925518,91.6745226925518,2.32727272727273
-0.494360277321954,-1.62073974624341,0.342375245337036,-0.43905465345151,1.68623709870835,-0.484054098779397,101.281894571507,101.281894571507,2.37575757575758
-0.488239953455589,-1.62145918656786,0.34191271849015,-0.435259409686475,1.69062196580598,-0.485814669208072,110.924696217687,110.924696217687,2.42424242424242
-0.481611754981739,-1.62225857207917,0.341434062198991,-0.431158252699183,1.69536970428556,-0.487689138976562,120.532068096642,120.532068096642,2.47272727272727
-0.474490679642863,-1.62314055617887,0.340945798443638,-0.426762081328504,1.70046890843486,-0.489665616470041,130.033150673925,130.033150673925,2.52121212121212
-0.466895968259886,-1.62410725904977,0.340454963331504,-0.422084251445308,1.70590493976705,-0.491730792031457,139.357084415087,139.357084415087,2.56969696969697
-0.458850833039025,-1.62516017171848,0.339968966188244,-0.417140337253701,1.71166010948036,-0.493870190100229,148.433009785679,148.433009785679,2.61818181818182
-0.450382177001292,-1.62630006095153,0.339495437361079,-0.411947894221865,1.71771387549862,-0.496068433532296,157.190067251255,157.190067251255,2.66666666666667
-0.441520311826929,-1.62752687832822,0.33904206795456,-0.406526231301881,1.72404305034728,-0.498309513908719,165.557397277364,165.557397277364,2.71515151515152
-0.432298680865359,-1.62883967657408,0.338616444809592,-0.400896199267664,1.73062201617723,-0.500577062032667,173.464140329559,173.464140329559,2.76363636363636
-0.422753593307621,-1.63023653585931,0.338225884033694,-0.395080000927286,1.7374229434015,-0.502854613381804,180.839436873391,180.839436873391,2.81212121212121
-0.412923974632592,-1.63171450229702,0.337877266309092,-0.389101027742269,1.74441600961998,-0.505125863954751,187.612427374413,187.612427374413,2.86060606060606
-0.402851137495259,-1.63326954034596,0.337576877060908,-0.382983726097627,1.75156961574106,-0.507374912660318,193.712252298175,193.712252298175,2.90909090909091
-0.392578576289336,-1.63489650025878,0.337330254375478,-0.376753495186848,1.75885059643498,-0.509586487088754,199.068052110229,199.068052110229,2.95757575757576
-0.382151787738922,-1.63658910114379,0.337142047332593,-0.370436617264713,1.76622442224701,-0.511746150129179,203.608967276127,203.608967276127,3.00606060606061
-0.371618119092246,-1.63833992964682,0.337015887167364,-0.364060219920789,1.77365539084056,-0.513840485422498,207.264138261421,207.264138261421,3.05454545454545
-0.361026644829553,-1.64014045372466,0.336954273418491,-0.357652269065563,1.78110680491866,-0.515857260042711,209.962705531663,209.962705531663,3.1030303030303
-0.350428072270384,-1.64198105048627,0.336958476959399,-0.351241590514024,1.78854113437864,-0.517785563070508,211.633809552403,211.633809552403,3.15151515151515
-0.339874676077989,-1.64385104663068,0.337028461555908,-0.344857917402766,1.79592016018833,-0.519615918859166,212.206590789194,212.206590789194,3.2
-0.329410551902089,-1.64574053872149,0.337162980317572,-0.338526083403696,1.80321185117787,-0.521341934188788,212.206590789194,212.206590789194,3.24848484848485
-0.319042029289776,-1.64764608615065,0.33736049134616,-0.332248172950211,1.81041083669732,-0.522964453166608,212.206590789194,212.206590789194,3.2969696969697
-0.30876601122411,-1.64956600707123,0.337619532276463,-0.326020659465784,1.8175183898389,-0.524485880083598,212.206590789194,212.206590789194,3.34545454545455
-0.298579560108771,-1.6514986894706,0.337938683656993,-0.319840196728285,1.82453571075178,-0.525908484635128,212.206590789194,212.206590789194,3.39393939393939
-0.288479886478215,-1.6534425867476,0.338316566302505,-0.313703605971126,1.83146393174728,-0.527234411723446,212.206590789194,212.206590789194,3.44242424242424
-0.278464338746966,-1.65539621366794,0.338751838873043,-0.307607864173247,1.83830412195475,-0.528465690395063,212.206590789194,212.206590789194,3.49090909090909
-0.268530393882699,-1.65735814265786,0.339243195655223,-0.301550093408436,1.84505729157753,-0.529604242006993,212.206590789194,212.206590789194,3.53939393939394
-0.258675648902547,-1.65932700040127,0.339789364524553,-0.295527551140882,1.85172439579188,-0.53065188770398,212.206590789194,212.206590789194,3.58787878787879
-0.248897813104716,-1.66130146470962,0.340389105070199,-0.289537621367898,1.85830633832668,-0.531610355278661,212.206590789194,212.206590789194,3.63636363636364
-0.239194700958328,-1.66328026163761,0.341041206865899,-0.283577806522849,1.86480397475692,-0.532481285477913,212.206590789194,212.206590789194,3.68484848484849
-0.22956422558374,-1.66526216282088,0.341744487872654,-0.277645720061683,1.87121811554013,-0.533266237811088,212.206590789194,212.206590789194,3.73333333333333
-0.220004392763661,-1.66724598301464,0.342497792960537,-0.271739079665467,1.87754952882148,-0.533966695909315,212.206590789194,212.206590789194,3.78181818181818
-0.210513295432343,-1.66923057781467,0.343299992538401,-0.265855700999124,1.8837989430303,-0.534584072479415,212.206590789194,212.206590789194,3.83030303030303
-0.201089108596187,-1.67121484154389,0.34414998128156,-0.259993491973297,1.88996704928813,-0.53511971389105,212.206590789194,212.206590789194,3.87878787878788
-0.191730084644356,-1.67319770528995,0.345046676948621,-0.254150447462197,1.89605450364623,-0.535574904431431,212.206590789194,212.206590789194,3.92727272727273
-0.182434549012603,-1.67517813508042,0.345989019279588,-0.248324644435404,1.90206192916855,-0.535950870258172,212.206590789194,212.206590789194,3.97575757575758
-0.173200896167506,-1.67715513018391,0.346975968968255,-0.242514237466117,1.90798991787428,-0.536248783077586,212.206590789194,212.206590789194,4.02424242424242
-0.164027585881857,-1.67912772152643,0.348006506702606,-0.236717454582287,1.91383903255276,-0.536469763572814,212.206590789194,212.206590789194,4.07272727272727
-0.154913139775022,-1.68109497021352,0.349079632267602,-0.230932593430537,1.91960980846211,-0.536614884603669,212.206590789194,212.206590789194,4.12121212121212
-0.145856138094816,-1.68305596614948,0.350194363705338,-0.225158017725855,1.92530275492172,-0.536685174197783,212.206590789194,212.206590789194,4.16969696969697
-0.136855216719839,-1.68500982674608,0.351349736528028,-0.219392153962723,1.93091835680781,-0.536681618350713,212.206590789194,212.206590789194,4.21818181818182
-0.127909064363354,-1.68695569571363,0.352544802979738,-0.213633488365748,1.93645707596035,-0.536605163650834,212.206590789194,212.206590789194,4.26666666666667
-0.119016419961643,-1.68889274192811,0.353778631343194,-0.207880564059992,1.9419193525085,-0.53645671974336,212.206590789194,212.206590789194,4.31515151515152
-0.110176070231479,-1.69082015836871,0.355050305288335,-0.202131978443062,1.94730560612167,-0.536237161646365,212.206590789194,212.206590789194,4.36363636363636
-0.1013868473828,-1.69273716112029,0.35635892325959,-0.196386380742698,1.95261623719177,-0.535947331930491,212.206590789194,212.206590789194,4.41212121212121
-0.0926476269740313,-1.69464298843628,0.357703597899162,-0.190642469745112,1.95785162795247,-0.535588042772886,212.206590789194,212.206590789194,4.46060606060606
-0.0839573258986403,-1.6965368998575,0.359083455503817,-0.184898991680633,1.96301214354019,-0.535160077894944,212.206590789194,212.206590789194,4.50909090909091
-0.0753149004926095,-1.69841817538298,0.360497635512932,-0.179154738254424,1.96809813300139,-0.534664194392502,212.206590789194,212.206590789194,4.55757575757576
-0.0667193447534068,-1.70028611468912,0.361945290025726,-0.173408544811101,1.9731099302501,-0.534101124466387,212.206590789194,212.206590789194,4.60606060606061
-0.0581696886619233,-1.70214003639388,0.3634255833458,-0.167659288623045,1.97804785497953,-0.533471577060451,212.206590789194,212.206590789194,4.65454545454545
-0.0496649965995787,-1.70397927736292,0.364937691551259,-0.161905887293037,1.98291221353085,-0.532776239413589,212.206590789194,212.206590789194,4.7030303030303
-0.0412043658534936,-1.70580319205492,0.366480802088828,-0.156147297262663,1.98770329972243,-0.532015778531687,212.206590789194,212.206590789194,4.75151515151515
-0.0327869252032391,-1.70761115190332,0.368054113390516,-0.15038251241858,1.99242139564197,-0.531190842584861,212.206590789194,212.206590789194,4.8
-0.0244118335832294,-1.7094025447324,0.369656834511493,-0.144610562789411,1.9970667724044,-0.530302062234916,212.206590789194,212.206590789194,4.84848484848485
-0.016078278815331,-1.71117677420506,0.371288184787938,-0.138830513326584,2.00163969087739,-0.529350051897502,212.206590789194,212.206590789194,4.8969696969697
-0.00778547640670476,-1.71293325930065,0.372947393513725,-0.133041462762925,2.00614040237686,-0.528335410943041,212.206590789194,212.206590789194,4.94545454545455
0.000467331591675471,-1.7146714338207,0.374633699634894,-0.127242542543345,2.01056914933418,-0.527258724840179,212.206590789194,212.206590789194,4.99393939393939
0.00868087767002486,-1.71639074592086,0.376346351460923,-0.121432915822294,2.01492616593682,-0.526120566245139,212.206590789194,212.206590789194,5.04242424242424
0.0168558698921182,-1.71809065766743,0.378084606391894,-0.11561177652313,2.01921167874393,-0.52492149604011,212.206590789194,212.206590789194,5.09090909090909
0.0249929928785783,-1.71977064461685,0.379847730660707,-0.10977834845484,2.02342590727837,-0.523662064323501,212.206590789194,212.206590789194,5.13939393939394
0.0330929087443313,-1.72143019541692,0.38163499908955,-0.103931884481889,2.02756906459629,-0.522342811354652,212.206590789194,212.206590789194,5.18787878787879
0.0411562579932536,-1.72306881142817,0.383445694859883,-0.0980716657432753,2.03164135783552,-0.520964268455397,212.206590789194,212.206590789194,5.23636363636364
0.0491836603727668,-1.72468600636435,0.385279109295246,-0.0921970009171257,2.0356429887438,-0.519526958870624,212.206590789194,212.206590789194,5.28484848484849
0.0571757156909456,-1.72628130595067,0.387134541656231,-0.0863072255273988,2.03957415418771,-0.518031398589835,212.206590789194,212.206590789194,5.33333333333333
0.0651330045985042,-1.72785424759893,0.389011298947015,-0.0804017012895166,2.04343504664329,-0.516478097131511,212.206590789194,212.206590789194,5.38181818181818
0.073056089337839,-1.72940438009828,0.390908695732863,-0.0744798154919268,2.04722585466894,-0.514867558291951,212.206590789194,212.206590789194,5.43030303030303
0.0809455144611497,-1.73093126332075,0.392826053968054,-0.068540980410793,2.05094676336144,-0.513200280860098,212.206590789194,212.206590789194,5.47878787878788
0.0888018075195158,-1.73243446794074,0.394762702833716,-0.0625846327551959,2.0545979547956,-0.511476759299748,212.206590789194,212.206590789194,5.52727272727273
0.0966254797246439,-1.7339135751673,0.396717978585063,-0.0566102331403771,2.05817960844818,-0.509697484400413,212.206590789194,212.206590789194,5.57575757575758
0.104417026584905,-1.73536817648884,0.398691224407578,-0.0506172655867145,2.06169190160654,-0.50786294389801,212.206590789194,212.206590789194,5.62424242424242
0.112176928517135,-1.73679787342901,0.400681790281664,-0.044605237042259,2.06513500976244,-0.505973623066441,212.206590789194,212.206590789194,5.67272727272727
0.119905651435594,-1.73820227731347,0.402689032855373,-0.0385736769267843,2.06850910699141,-0.504030005281051,212.206590789194,212.206590789194,5.72121212121212
0.127603647319346,-1.73958100904655,0.404712315324751,-0.0325221366954334,2.07181436631811,-0.502032572554872,212.206590789194,212.206590789194,5.76969696969697
0.135271354759256,-1.7409336988973,0.406751007321446,-0.0264501894201434,2.07505096006789,-0.499981806048463,212.206590789194,212.206590789194,5.81818181818182
0.142909199485714,-1.74225998629428,0.40880448480716,-0.0203574293871617,2.07821906020483,-0.497878186554147,212.206590789194,212.206590789194,5.86666666666667
0.150517594878098,-1.74355951962851,0.410872129974597,-0.0142434717090297,2.0813188386567,-0.495722194955312,212.206590789194,212.206590789194,5.91515151515152
0.158096942456941,-1.74483195606404,0.41295333115455,-0.0081079519495428,2.08435046762671,-0.493514312661467,212.206590789194,212.206590789194,5.96363636363636
0.165647632359682,-1.74607696135555,0.415047482728763,-0.00195052576025683,2.08731411989267,-0.491255022019635,212.206590789194,212.206590789194,6.01212121212121
0.173170043800829,-1.74729420967258,0.41715398504826,0.00422913147279324,2.09020996909335,-0.488944806702663,212.206590789194,212.206590789194,6.06060606060606
0.180664545517305,-1.74848338342983,0.419272244356786,0.010431324973422,2.09303819000241,-0.486584152074985,212.206590789194,212.206590789194,6.10909090909091
0.188131496199684,-1.74964417312311,0.421401672719075,0.0166563409118391,2.09579895879005,-0.484173545536308,212.206590789194,212.206590789194,6.15757575757576
0.195571244909995,-1.75077627717055,0.423541687953614,0.0229044467345402,2.09849245327235,-0.481713476843733,212.206590789194,212.206590789194,6.20606060606061
0.202984131486707,-1.75187940175854,0.425691713569609,0.0291758914885591,2.10111885314856,-0.479204438412721,212.206590789194,212.206590789194,6.25454545454545
0.210370486937478,-1.75295326069221,0.427851178707877,0.0354709061410693,2.10367834022636,-0.476646925597355,212.206590789194,212.206590789194,6.3030303030303
0.217730633820215,-1.75399757524988,0.430019518085354,0.0417897038952414,2.10617109863521,-0.474041436950286,212.206590789194,212.206590789194,6.35151515151515
0.225064886612933,-1.75501207404123,0.432196171942963,0.0481324805031981,2.10859731502796,-0.471388474462791,212.206590789194,212.206590789194,6.4
0.232373552072916,-1.75599649286888,0.434380585996563,0.0544994145768598,2.11095717877058,-0.468688543785284,212.206590789194,212.206590789194,6.44848484848485
0.239656929585584,-1.75695057459302,0.436572211390711,0.0608906678974129,2.11325088212037,-0.46594215442871,212.206590789194,212.206590789194,6.4969696969697
0.24691531150352,-1.75787406899874,0.438770504654984,0.0673063857240757,2.11547862039258,-0.463149819947143,212.206590789194,212.206590789194,6.54545454545455
0.254148983476008,-1.75876673266595,0.440974927662613,0.0737466971027827,2.11764059211547,-0.460312058101992,212.206590789194,212.206590789194,6.59393939393939
0.261358224769475,-1.75962832884142,0.443184947591172,0.0802117151753692,2.11973699917411,-0.457429391008166,212.206590789194,212.206590789194,6.64242424242424
0.268543308579165,-1.7604586273128,0.44540003688509,0.0867015374897657,2.12176804694274,-0.454502345262576,212.206590789194,212.206590789194,6.69090909090909
0.275704502332368,-1.7612574042844,0.447619673219756,0.093216246311683,2.12373394440603,-0.451531452055325,212.206590789194,212.206590789194,6.73939393939394
0.282842067983506,-1.76202444225439,0.449843339466976,0.0997559089382174,2.12563490426919,-0.448517247263984,212.206590789194,212.206590789194,6.78787878787879
0.289956262301375,-1.76275952989336,0.452070523661566,0.106320578013751,2.12747114305705,-0.445460271531313,212.206590789194,212.206590789194,6.83636363636364
0.297047337148791,-1.76346246192392,0.454300718968877,0.112910291848497,2.12924288120231,-0.44236107032682,212.206590789194,212.206590789194,6.88484848484848
0.304115539754919,-1.7641330390012,0.456533423653017,0.119525074739968,2.13095034312297,-0.439220193992548,212.206590789194,212.206590789194,6.93333333333333
0.311161112980514,-1.76477106759412,0.458768141045588,0.126164937297642,2.1325937572892,-0.436038197773493,212.206590789194,212.206590789194,6.98181818181818
0.318184295576311,-1.76537635986715,0.461004379514724,0.132829876771033,2.13417335627966,-0.432815641833043,212.206590789194,212.206590789194,7.03030303030303
0.325185322434781,-1.76594873356258,0.463241652434244,0.13951987738134,2.13568937682745,-0.429553091253883,212.206590789194,212.206590789194,7.07878787878788
0.332164424835473,-1.76648801188296,0.465479478152742,0.146234910656821,2.13714205985601,-0.426251116024765,212.206590789194,212.206590789194,7.12727272727273
0.339121830684138,-1.76699402337379,0.467717379962411,0.152974935772005,2.13853165050485,-0.422910291013591,212.206590789194,212.206590789194,7.17575757575758
0.346057764745823,-1.76746660180619,0.469954886067449,0.159739899890795,2.13985839814556,-0.419531195927254,212.206590789194,212.206590789194,7.22424242424242
0.352972448872143,-1.76790558605948,0.47219152955187,0.166529738513526,2.14112255638811,-0.416114415258684,212.206590789194,212.206590789194,7.27272727272727
0.359866102222894,-1.76831082000363,0.474426848346555,0.173344375827966,2.14232438307779,-0.412660538221565,212.206590789194,212.206590789194,7.32121212121212
0.366738941482189,-1.76868215238143,0.476660385195395,0.180183725064262,2.14346414028283,-0.409170158673202,212.206590789194,212.206590789194,7.36969696969697
0.373591181069299,-1.76901943669032,0.47889168762037,0.187047688853767,2.14454209427308,-0.405643875026002,212.206590789194,212.206590789194,7.41818181818182
0.381680797340508,-1.7692647115701,0.481506344868731,0.194173858800295,2.14461783815355,-0.40174029835417,211.633809552403,211.633809552403,7.46666666666667
0.388682741659217,-1.76884506748819,0.483633585417383,0.1947864398804,2.13859327431388,-0.400035116375683,209.962705531663,209.962705531663,7.51515151515152
0.395918945025063,-1.76743084468646,0.485586930412499,0.186905566089002,2.12293567754257,-0.400711204058019,207.264138261421,207.264138261421,7.56363636363636
0.403407224520208,-1.76479186612628,0.487256907281037,0.169648238846358,2.09586079165488,-0.403510931590304,203.608967276127,203.608967276127,7.61212121212121
0.411103702999354,-1.76083690755189,0.488519238619816,0.144055371694986,2.05716891116342,-0.40724406218547,199.068052110229,199.068052110229,7.66060606060606
0.418924783766665,-1.75562510368006,0.48927061703029,0.112228839359216,2.00794236978734,-0.410320580999758,193.712252298175,193.712252298175,7.70909090909091
0.42677020955597,-1.74937121189225,0.489469717589837,0.0764497314980304,1.95021577759973,-0.41132400379985,187.612427374413,187.612427374413,7.75757575757576
0.434538180350247,-1.74242214020948,0.489160587042927,0.0386585503080838,1.88663321485158,-0.409347604858967,180.839436873391,180.839436873391,7.80606060606061
0.442129692607015,-1.73521020394167,0.488471669166194,0.000370654869901361,1.82018987063733,-0.404076460000767,173.464140329559,173.464140329559,7.85454545454545
0.449445420357629,-1.72819811187333,0.487594856391391,-0.0371212881892288,1.75411243720643,-0.39575088347697,165.557397277364,165.557397277364,7.9030303030303
0.456381209266164,-1.72182212056667,0.48674911687172,-0.0724547280542419,1.69181310217605,-0.385122516187943,157.190067251255,157.190067251255,7.95151515151515
0.462828390883755,-1.71643463301519,0.486132796010986,-0.103991670455093,1.6367643764691,-0.373406888639068,148.43300978568,148.43300978568,8
0.468683559455988,-1.71225564145858,0.485877009379109,-0.129862974545532,1.59214795039201,-0.362142932926005,139.357084415087,139.357084415087,8.04848484848485
0.473868755107259,-1.70934972367602,0.486021858493902,-0.148373557495748,1.56023849081996,-0.35286230716455,130.033150673925,130.033150673925,8.0969696969697
0.478357402920478,-1.70763145380073,0.486526939121054,-0.158710965222662,1.54164339653209,-0.346593205950112,120.532068096642,120.532068096642,8.14545454545454
0.482196974919601,-1.70687436236363,0.487297060294679,-0.161673464792338,1.53462407639543,-0.343406853473911,110.924696217687,110.924696217687,8.19393939393939
0.48552096751466,-1.70669188145416,0.488188521996791,-0.160092590721169,1.5346743080272,-0.342253534787348,101.281894571507,101.281894571507,8.24242424242424
0.48852027483337,-1.7067663142257,0.489110622204057,-0.158615884964684,1.53648611664011,-0.341865580222793,91.6745226925518,91.6745226925518,8.29090909090909
0.491307866229227,-1.70761507016976,0.490351357021034,-0.161501085962579,1.54093966889769,-0.343252417012441,82.1734401152689,82.1734401152689,8.33939393939394
0.493941620854952,-1.70972408234293,0.492163912071544,-0.171327143751588,1.54977289286422,-0.347553060049114,72.849506374107,72.849506374107,8.38787878787879
0.496451336495586,-1.71331283196229,0.494652674763374,-0.189202619411911,1.56372191882156,-0.355410030780911,63.7735810035143,63.7735810035143,8.43636363636364
0.498845265020308,-1.718382445072,0.497795467823397,-0.215032104936274,1.58268038683537,-0.367066644128642,55.0165235379392,55.0165235379392,8.48484848484848
0.501115977542513,-1.72475775976911,0.501471053163779,-0.247789002279207,1.60587369053876,-0.382407115621417,46.6491935118299,46.6491935118299,8.53333333333333
0.50324498191878,-1.73212484810272,0.505489628801985,-0.285770516231223,1.63204173434487,-0.400958242037642,38.742450459635,38.742450459635,8.58181818181818
0.505205913326398,-1.74006688732292,0.509623296839945,-0.326813815843648,1.65962148905617,-0.421883868194325,31.3671539158026,31.3671539158026,8.63030303030303
0.506966888338638,-1.74810180786946,0.513634198453984,-0.368474581169187,1.68692333510764,-0.444004066238593,24.5941634147812,24.5941634147812,8.67878787878788
0.508493261591571,-1.7557250880919,0.51729928317747,-0.408196078223848,1.71229941494118,-0.465867369745253,18.4943384910191,18.4943384910191,8.72727272727273
0.509752081447952,-1.76245990369103,0.520431573660429,-0.44351107386313,1.73430382359759,-0.485897066021804,13.1385386789647,13.1385386789647,8.77575757575758
0.510718866732989,-1.76791415280012,0.522898057603744,-0.472309667685768,1.751842784023,-0.502616722801045,8.59762351306639,8.59762351306639,8.82424242424242
0.511386229341109,-1.77184072984361,0.524634657252908,-0.493175191961882,1.7643124744979,-0.514934313945709,4.94245252777237,4.94245252777237,8.87272727272727
0.511772971903574,-1.77419612580764,0.525659844897098,-0.505753199444938,1.77172773257381,-0.522437585919768,2.24388525753102,2.24388525753102,8.92121212121212
0.511932128716284,-1.7751941109065,0.526089885462847,-0.511098272530644,1.77485372670137,-0.525642763682409,0.572781236790797,0.572781236790797,8.96969696969697
0.511957083081247,-1.77535426349021,0.526158541185573,-0.511957083081247,1.77535426349021,-0.526158541185573,0,0,9.01818181818182
0.511957083081247,-1.77535426349021,0.526158541185574,-0.511957083081246,1.77535426349021,-0.526158541185573,0.572781236790823,0.572781236790823,9.06666666666667
0.511957083081247,-1.77535426349021,0.526158541185574,-0.511957083081246,1.77535426349021,-0.526158541185573,2.24388525753106,2.24388525753106,9.11515151515152
0.511957083081247,-1.77535426349021,0.526158541185573,-0.511957083081246,1.77535426349021,-0.526158541185573,4.94245252777235,4.94245252777235,9.16363636363636
0.511957083081246,-1.77535426349021,0.526158541185573,-0.511957083081247,1.77535426349021,-0.526158541185573,8.59762351306637,8.59762351306637,9.21212121212121
0.511957083081246,-1.77535426349021,0.526158541185573,-0.511957083081247,1.77535426349021,-0.526158541185573,13.1385386789647,13.1385386789647,9.26060606060606
0.511957083081247,-1.77535426349021,0.526158541185573,-0.511957083081247,1.77535426349021,-0.526158541185573,18.4943384910191,18.4943384910191,9.30909090909091
0.511957083081247,-1.77535426349021,0.526158541185573,-0.511957083081246,1.77535426349021,-0.526158541185573,24.5941634147812,24.5941634147812,9.35757575757576
0.511957083081247,-1.77535426349021,0.526158541185573,-0.511957083081247,1.77535426349021,-0.526158541185573,31.3671539158026,31.3671539158026,9.40606060606061
0.511957083081247,-1.77535426349021,0.526158541185573,-0.511957083081247,1.77535426349021,-0.526158541185573,38.7424504596349,38.7424504596349,9.45454545454546
0.511957083081247,-1.77535426349021,0.526158541185573,-0.511957083081247,1.77535426349021,-0.526158541185573,46.6491935118299,46.6491935118299,9.5030303030303
0.511957083081247,-1.77535426349021,0.526158541185574,-0.511957083081246,1.77535426349021,-0.526158541185573,55.0165235379391,55.0165235379391,9.55151515151515
0.511957083081247,-1.77535426349021,0.526158541185573,-0.511957083081247,1.77535426349021,-0.526158541185573,63.7735810035143,63.7735810035143,9.6
0.511957083081247,-1.77535426349021,0.526158541185573,-0.511957083081247,1.77535426349021,-0.526158541185573,72.849506374107,72.849506374107,9.64848484848485
0.511957083081247,-1.77535426349021,0.526158541185573,-0.511957083081246,1.77535426349021,-0.526158541185573,82.173440115269,82.173440115269,9.6969696969697
0.511957083081247,-1.77535426349021,0.526158541185573,-0.511957083081247,1.77535426349021,-0.526158541185573,91.6745226925518,91.6745226925518,9.74545454545455
0.511957083081247,-1.77535426349021,0.526158541185573,-0.511957083081246,1.77535426349021,-0.526158541185573,101.281894571507,101.281894571507,9.79393939393939
0.511957083081247,-1.77535426349021,0.526158541185573,-0.511957083081247,1.77535426349021,-0.526158541185573,110.924696217687,110.924696217687,9.84242424242424
0.511957083081247,-1.77535426349021,0.526158541185573,-0.511957083081246,1.77535426349021,-0.526158541185573,120.532068096642,120.532068096642,9.89090909090909
0.511957083081247,-1.77535426349021,0.526158541185574,-0.511957083081246,1.77535426349021,-0.526158541185573,130.033150673925,130.033150673925,9.93939393939394
0.511957083081247,-1.77535426349021,0.526158541185573,-0.511957083081247,1.77535426349021,-0.526158541185573,139.357084415087,139.357084415087,9.98787878787879
0.511957083081247,-1.77535426349021,0.526158541185573,-0.511957083081246,1.77535426349021,-0.526158541185573,148.433009785679,148.433009785679,10.0363636363636
0.511957083081247,-1.77535426349021,0.526158541185573,-0.511957083081246,1.77535426349021,-0.526158541185573,157.190067251255,157.190067251255,10.0848484848485
0.511957083081247,-1.77535426349021,0.526158541185573,-0.511957083081246,1.77535426349021,-0.526158541185573,165.557397277364,165.557397277364,10.1333333333333
0.511957083081247,-1.77535426349021,0.526158541185573,-0.511957083081246,1.77535426349021,-0.526158541185573,173.464140329559,173.464140329559,10.1818181818182
0.511957083081247,-1.77535426349021,0.526158541185573,-0.511957083081246,1.77535426349021,-0.526158541185573,180.839436873391,180.839436873391,10.230303030303
0.511957083081247,-1.77535426349021,0.526158541185573,-0.511957083081247,1.77535426349021,-0.526158541185573,187.612427374413,187.612427374413,10.2787878787879
0.511957083081247,-1.77535426349021,0.526158541185573,-0.511957083081247,1.77535426349021,-0.526158541185573,193.712252298175,193.712252298175,10.3272727272727
0.511957083081247,-1.77535426349021,0.526158541185574,-0.511957083081246,1.77535426349021,-0.526158541185573,199.068052110229,199.068052110229,10.3757575757576
0.511957083081247,-1.77535426349021,0.526158541185573,-0.511957083081247,1.77535426349021,-0.526158541185573,203.608967276127,203.608967276127,10.4242424242424
0.511957083081247,-1.77535426349021,0.526158541185573,-0.511957083081247,1.77535426349021,-0.526158541185573,207.264138261421,207.264138261421,10.4727272727273
0.511957083081247,-1.77535426349021,0.526158541185573,-0.511957083081246,1.77535426349021,-0.526158541185573,209.962705531663,209.962705531663,10.5212121212121
0.511957083081247,-1.77535426349021,0.526158541185573,-0.511957083081247,1.77535426349021,-0.526158541185573,211.633809552403,211.633809552403,10.569696969697
0.511957083081247,-1.77535426349021,0.526158541185573,-0.511957083081247,1.77535426349021,-0.526158541185573,212.206590789194,212.206590789194,10.6181818181818
