0.487968111339168,-1.72613332014766,0.502327145723885,-0.489407263816931,1.72617040154573,-0.502918706527664,211.633809552403,211.633809552403,0.0484848484848485
0.478738553814089,-1.72487588212004,0.498170980451295,-0.489191807217014,1.7251672970241,-0.502466275712939,209.962705531663,209.962705531663,0.096969696969697
0.456889966024298,-1.72177818721112,0.488350340860052,-0.48867690451716,1.72282208278054,-0.501400261245604,207.264138261421,207.264138261421,0.145454545454545
0.420480321852516,-1.71624891097411,0.472047329456258,-0.48780368853226,1.71900913387984,-0.499641406684667,203.608967276127,203.608967276127,0.193939393939394
0.370029978161234,-1.70786460368488,0.449606077724699,-0.486562538563583,1.71393469146468,-0.497247622171695,199.068052110229,199.068052110229,0.242424242424242
0.30783561183577,-1.69644805921838,0.422214872104212,-0.484982753916617,1.70804150710337,-0.49438227517843,193.712252298175,193.712252298175,0.290909090909091
0.237211284821303,-1.68215348111587,0.391523999420967,-0.483122341466201,1.70188610803225,-0.491272873451493,187.612427374413,187.612427374413,0.339393939393939
0.161860287981058,-1.66548315141767,0.359302341477149,-0.481059243524391,1.69602310476769,-0.488168787857324,180.839436873391,180.839436873391,0.387878787878788
0.0854973403822178,-1.64723340401173,0.327213270373198,-0.478885615246212,1.69091700445697,-0.485304393219811,173.464140329559,173.464140329559,0.436363636363636
0.0117027705381582,-1.62841154877031,0.296725854673785,-0.476705290203612,1.68688272159191,-0.482868660924463,165.557397277364,165.557397277364,0.484848484848485
-0.0561153754647737,-1.61015386450095,0.269116519940803,-0.474631993457633,1.68404834513875,-0.4809794573895,157.190067251255,157.190067251255,0.533333333333333
-0.114808705392666,-1.59363786037287,0.245487037131566,-0.472783889430459,1.6823423790488,-0.479664638958034,148.43300978568,148.43300978568,0.581818181818182
-0.161744484974238,-1.57995607177727,0.226727808449705,-0.471270397429518,1.68152134499443,-0.478860010496875,139.357084415087,139.357084415087,0.63030303030303
-0.195258909543891,-1.56992441782828,0.213385769034841,-0.470170628715441,1.681250702932,-0.478435742887271,130.033150673925,130.033150673925,0.678787878787879
-0.215230922168495,-1.56383983948109,0.205448988552364,-0.469507838602968,1.68122036299177,-0.478247431996671,120.532068096642,120.532068096642,0.727272727272727
-0.223637134858406,-1.56125456002833,0.202110511196124,-0.469227240703342,1.6812376500752,-0.47818330407443,110.924696217687,110.924696217687,0.775757575757576
-0.224977466133717,-1.56084100401134,0.201578294189528,-0.469182412218705,1.68124207381674,-0.47817392745248,101.281894571507,101.281894571507,0.824242424242424
-0.225583545668411,-1.56111182451332,0.201411762583209,-0.469156636674859,1.68130919289043,-0.478203812255963,91.6745226925518,91.6745226925518,0.872727272727273
-0.229360455648724,-1.56279517398935,0.200367667010117,-0.468995993957726,1.68172909271734,-0.4783906480651,82.1734401152689,82.1734401152689,0.921212121212121
-0.238273771277423,-1.56673790458824,0.197860457429818,-0.468616787962628,1.68273118732223,-0.478835691589137,72.849506374107,72.849506374107,0.96969696969697
-0.253134948872294,-1.57321608544159,0.193545153928135,-0.467984358365904,1.68443677413414,-0.47959062155752,63.7735810035143,63.7735810035143,1.01818181818182
-0.273803694552233,-1.58202013515324,0.187262547854247,-0.467104825461036,1.68688115137112,-0.480667603053611,55.0165235379392,55.0165235379392,1.06666666666667
-0.299413774741844,-1.59258154951769,0.179024068957321,-0.466015995295371,1.69002676624902,-0.482046422308531,46.6491935118299,46.6491935118299,1.11515151515152
-0.328596436243829,-1.6041228729109,0.169023382306892,-0.464778061956219,1.69377003283429,-0.483679329694425,38.742450459635,38.742450459635,1.16363636363636
-0.359674452835717,-1.61580462257961,0.157654358554238,-0.463464885389298,1.69794558939514,-0.485494389755098,31.3671539158026,31.3671539158026,1.21212121212121
-0.390818460159644,-1.6268481539361,0.145515737512158,-0.462156249241822,1.70233144927079,-0.487398028972488,24.5941634147812,24.5941634147812,1.26060606060606
-0.420180988857625,-1.63662345555982,0.133385219672686,-0.46093092203549,1.70665887598123,-0.489278030132851,18.4943384910191,18.4943384910191,1.30909090909091
-0.446037435125931,-1.64469895382888,0.122148075982154,-0.459859943348,1.71063232357179,-0.491009655309691,13.1385386789647,13.1385386789647,1.35757575757576
-0.466959749153688,-1.650855784084,0.112671473897113,-0.458999559933934,1.71396538343005,-0.492468829701296,8.59762351306639,8.59762351306639,1.40606060606061
-0.482030082167685,-1.65507554285042,0.10563071786244,-0.45838358362979,1.71643494670699,-0.493555186411089,4.94245252777237,4.94245252777237,1.45454545454545
-0.49107842756324,-1.65752090555094,0.101316235795351,-0.458015346555048,1.7179465180914,-0.494222726166861,2.24388525753102,2.24388525753102,1.5030303030303
-0.494914537023544,-1.65853740927341,0.0994672192400158,-0.457859604432585,1.71859406699638,-0.494509362193495,0.572781236790797,0.572781236790797,1.55151515151515
-0.495530220880228,-1.65869942674885,0.0991693527652414,-0.457834629393967,1.7186983736347,-0.494555572303886,0,0,1.6
-0.495516874177457,-1.65870406683412,0.0991718481954353,-0.457826544202429,1.71870739852052,-0.494555885605184,0.572781236790823,0.572781236790823,1.64848484848485
-0.495425097569424,-1.6587359743524,0.0991890114333428,-0.457770946690417,1.71876945439374,-0.494558035457959,2.24388525753106,2.24388525753106,1.6969696969697
-0.495181040798504,-1.65882083000202,0.0992346848947111,-0.457623091458227,1.71893445590835,-0.494563714076499,4.94245252777235,4.94245252777235,1.74545454545455
-0.494715972417145,-1.65898255140064,0.099321848449922,-0.457341311420978,1.71924879624919,-0.49457438069302,8.59762351306637,8.59762351306637,1.79393939393939
-0.4939664697403,-1.65924324316986,0.0994626780022342,-0.456887110106818,1.71975515842078,-0.494591144686195,13.1385386789647,13.1385386789647,1.84242424242424
-0.492874649280538,-1.65962313563922,0.0996686165357586,-0.456225272916768,1.72049228551211,-0.494614623593838,18.4943384910191,18.4943384910191,1.89090909090909
-0.491388416435452,-1.6601405169261,0.0999504510655202,-0.455323986247831,1.72149473013804,-0.494644788841184,24.5941634147812,24.5941634147812,1.93939393939394
-0.489461713531507,-1.66081166285369,0.100318389010541,-0.454154953352752,1.7227926027058,-0.494680811751565,31.3671539158026,31.3671539158026,1.98787878787879
-0.487054746242333,-1.66165076884759,0.100782127771298,-0.452693496187778,1.72441133716565,-0.494720921819739,38.7424504596349,38.7424504596349,2.03636363636364
-0.484134170086302,-1.66266988759312,0.10135091178436,-0.450918633418388,1.72637149133309,-0.494762288212181,46.6491935118299,46.6491935118299,2.08484848484848
-0.480673221252179,-1.66387887583605,0.102033572077116,-0.44881312626832,1.72868859664876,-0.494800933967093,55.0165235379391,55.0165235379391,2.13333333333333
-0.476651779366484,-1.66528535326831,0.102838544347716,-0.446363485980024,1.73137306939788,-0.494831690420523,63.7735810035143,63.7735810035143,2.18181818181818
-0.472056353848569,-1.66689467596378,0.10377386280963,-0.443559939191693,1.7344301920535,-0.49484819706986,72.849506374107,72.849506374107,2.23030303030303
-0.466879989946917,-1.66870992632684,0.104847128398107,-0.440396350344397,1.73786016972399,-0.49484294954283,82.173440115269,82.173440115269,2.27878787878788
-0.461122095095839,-1.67073192100054,0.106065451349008,-0.436870103084869,1.74165826290909,-0.494807395745331,91.6745226925518,91.6745226925518,2.32727272727273
-0.454788190536505,-1.67295923766625,0.107435369532282,-0.432981945284211,1.7458149941523,-0.494732077802511,101.281894571507,101.281894571507,2.37575757575758
-0.447889596895487,-1.67538826116768,0.108962745159958,-0.428735804529928,1.75031642295708,-0.494606815257627,110.924696217687,110.924696217687,2.42424242424242
-0.440443065357424,-1.67801324891968,0.110652643514105,-0.42413858259734,1.75514448070042,-0.494420923288558,120.532068096642,120.532068096642,2.47272727272727
-0.432470368048289,-1.68082641512818,0.112509198098896,-0.419199938364785,1.7602773553528,-0.494163458526414,130.033150673925,130.033150673925,2.52121212121212
-0.423997862208928,-1.6838180329561,0.114535467085303,-0.413932068880125,1.76568991464636,-0.493823484440037,139.357084415087,139.357084415087,2.56969696969697
-0.41505604273186,-1.68697655342552,0.11673328608682,-0.408349497860877,1.77135415589718,-0.49339034815457,148.433009785679,148.433009785679,2.61818181818182
-0.405679096787129,-1.69028873954647,0.119103122203216,-0.402468879921708,1.77723967089522,-0.492853960927167,157.190067251255,157.190067251255,2.66666666666667
-0.395904472760562,-1.69373981390577,0.121643933937833,-0.396308827413374,1.78331411499767,-0.492205075204332,165.557397277364,165.557397277364,2.71515151515152
-0.385772473782472,-1.69731361772939,0.1243530410834,-0.389889765084597,1.78954367064668,-0.491435552116657,173.464140329559,173.464140329559,2.76363636363636
-0.375325883949232,-1.70099277924298,0.127226008036579,-0.383233815997132,1.79589349682828,-0.490538614313235,180.839436873391,180.839436873391,2.81212121212121
-0.364609633125955,-1.70475888899134,0.130256543294485,-0.376364720369736,1.80232815735618,-0.489509080099484,187.612427374413,187.612427374413,2.86060606060606
-0.353670504122579,-1.70859267963221,0.133436417152868,-0.369307787406317,1.80881202218713,-0.488343575839486,193.712252298175,193.712252298175,2.90909090909091
-0.342556884173909,-1.71247420758643,0.136755398901828,-0.36208987875278,1.81530963716797,-0.487040724462602,199.068052110229,199.068052110229,2.95757575757576
-0.331318561100999,-1.71638303380079,0.140201214127753,-0.354739421070928,1.82178605862159,-0.485601308643425,203.608967276127,203.608967276127,3.00606060606061
-0.320006563324058,-1.72029840075615,0.143759522097145,-0.347286444334377,1.82820714997076,-0.484028407793907,207.264138261421,207.264138261421,3.05454545454545
-0.308673042043026,-1.72419940272844,0.147413912629083,-0.339762641837978,1.83453983816693,-0.482327508422636,209.962705531663,209.962705531663,3.1030303030303
-0.297371193385765,-1.72806514617974,0.151145921362376,-0.332201447550959,1.840752328044,-0.480506587695297,211.633809552403,211.633809552403,3.15151515151515
-0.286155218115697,-1.73187489701896,0.154935061891415,-0.324638126307973,1.84681427287299,-0.478576170194386,212.206590789194,212.206590789194,3.2
-0.275070047014251,-1.73561165923721,0.158762456202082,-0.317102863335903,1.8527023060653,-0.476547422846106,212.206590789194,212.206590789194,3.24848484848485
-0.264120336055463,-1.73927246990631,0.162622308594308,-0.309599229821258,1.85841568426331,-0.474425430744542,212.206590789194,212.206590789194,3.2969696969697
-0.253300893361534,-1.74285783071403,0.166512350217342,-0.302124189048629,1.86395895976422,-0.472213389936536,212.206590789194,212.206590789194,3.34545454545455
-0.24260686564049,-1.74636822601737,0.170430416855953,-0.294674937300922,1.86933643412138,-0.469914327241967,212.206590789194,212.206590789194,3.39393939393939
-0.232033709966036,-1.74980412403221,0.174374440974032,-0.287248884169013,1.87455217910939,-0.467531115572335,212.206590789194,212.206590789194,3.44242424242424
-0.221577168472487,-1.75316597792573,0.178342444554324,-0.279843634959152,1.87961005553829,-0.465066487604433,212.206590789194,212.206590789194,3.49090909090909
-0.211233245601784,-1.75645422682276,0.182332532639808,-0.272456974929405,1.88451373018096,-0.462523048014428,212.206590789194,212.206590789194,3.53939393939394
-0.200998187591997,-1.75966929673556,0.186342887495339,-0.265086855125787,1.88926669103984,-0.459903284447894,212.206590789194,212.206590789194,3.58787878787879
-0.190868463940513,-1.76281160142528,0.190371763319202,-0.257731379621597,1.89387226114765,-0.45720957737648,212.206590789194,212.206590789194,3.63636363636364
-0.180840750611979,-1.7658815432021,0.194417481443561,-0.250388793991059,1.8983336110699,-0.454444208970987,212.206590789194,212.206590789194,3.68484848484849
-0.170911914792164,-1.76887951367005,0.198478425970665,-0.243057474871599,1.90265377025454,-0.451609371103038,212.206590789194,212.206590789194,3.73333333333333
-0.1610790010152,-1.77180589442196,0.202553039798421,-0.235735920488733,1.90683563735512,-0.448707172572622,212.206590789194,212.206590789194,3.78181818181818
-0.1513392185141,-1.77466105768885,0.20663982099467,-0.228422742034209,1.91088198963729,-0.445739645646136,212.206590789194,212.206590789194,3.83030303030303
-0.141689929663531,-1.77744536694798,0.210737319484463,-0.221116655802265,1.9147954915651,-0.442708751978784,212.206590789194,212.206590789194,3.87878787878788
-0.132128639400144,-1.78015917749282,0.214844134018826,-0.213816476000956,1.91857870265116,-0.439616387985979,212.206590789194,212.206590789194,3.92727272727273
-0.122652985519861,-1.78280283696826,0.218958909397212,-0.206521108165947,1.92223408464489,-0.436464389720475,212.206590789194,212.206590789194,3.97575757575758
-0.113260729763545,-1.78537668587347,0.223080333918966,-0.199229543113088,1.9257640081241,-0.433254537305191,212.206590789194,212.206590789194,4.02424242424242
-0.103949749612985,-1.787881058035,0.227207137041903,-0.191940851373796,1.92917075854775,-0.429988558965804,212.206590789194,212.206590789194,4.07272727272727
-0.0947180307281332,-1.79031628105209,0.231338087228484,-0.184654178063961,1.93245654182086,-0.426668134702124,212.206590789194,212.206590789194,4.12121212121212
-0.0855636599644109,-1.79268267671619,0.23547198996217,-0.177368738142843,1.93562348941704,-0.423294899632878,212.206590789194,212.206590789194,4.16969696969697
-0.0764848189157586,-1.79498056140622,0.239607685918365,-0.170083812023501,1.9386736630992,-0.419870447044682,212.206590789194,212.206590789194,4.21818181818182
-0.0674797779350606,-1.79721024646113,0.243744049275968,-0.162798741500634,1.94160905927422,-0.41639633117267,212.206590789194,212.206590789194,4.26666666666667
-0.0585468905888116,-1.79937203853115,0.247879986156969,-0.155512925965581,1.94443161301415,-0.412874069737312,212.206590789194,212.206590789194,4.31515151515152
-0.0496845885075035,-1.80146623990883,0.252014433182774,-0.14822581888155,1.94714320177262,-0.40930514625942,212.206590789194,212.206590789194,4.36363636363636
-0.040891376597213,-1.80349314884108,0.256146356137043,-0.140936924495129,1.94974564882254,-0.405691012173078,212.206590789194,212.206590789194,4.41212121212121
-0.0321658285814533,-1.80545305982303,0.260274748725824,-0.133645794762674,1.95224072643841,-0.402033088754281,212.206590789194,212.206590789194,4.46060606060606
-0.0235065828454762,-1.80734626387486,0.264398631426606,-0.126352026472498,1.95463015884438,-0.398332768881294,212.206590789194,212.206590789194,4.50909090909091
-0.0149123385579998,-1.80917304880219,0.268517050418716,-0.119055258545764,1.95691562494696,-0.394591418641243,212.206590789194,212.206590789194,4.55757575757576
-0.00638185204778627,-1.8109336994409,0.272629076588166,-0.111755169500791,1.95909876086985,-0.390810378796038,212.206590789194,212.206590789194,4.60606060606061
0.00208606658530962,-1.81262849788709,0.276733804600678,-0.10445147506705,1.96118116230628,-0.386990966119572,212.206590789194,212.206590789194,4.65454545454545
0.0104925566432551,-1.81425772371279,0.280830352037171,-0.0971439259365281,1.9631643867033,-0.383134474616994,212.206590789194,212.206590789194,4.7030303030303
0.0188387098034312,-1.815821654168,0.284917858586478,-0.0898323056413971,1.96504995529083,-0.379242176635957,212.206590789194,212.206590789194,4.75151515151515
0.0271255729080511,-1.81732056436968,0.288995485290547,-0.082516428548014,1.96683935496729,-0.375315323878838,212.206590789194,212.206590789194,4.8
0.0353541505831809,-1.8187547274782,0.293062413837741,-0.0751961379582844,1.96853404005268,-0.371355148324167,212.206590789194,212.206590789194,4.84848484848485
0.0435254076999023,-1.8201244148617,0.297117845900244,-0.0678713043102896,1.97013543391886,-0.367362863064819,212.206590789194,212.206590789194,4.8969696969697
0.0516402716890385,-1.82142989624886,0.301161002511915,-0.0605418234708839,1.97164493050625,-0.363339663069894,212.206590789194,212.206590789194,4.94545454545455
0.0596996347198696,-1.82267143987056,0.305191123483211,-0.0532076151136485,1.97306389573504,-0.359286725876642,212.206590789194,212.206590789194,4.99393939393939
0.0677043557523705,-1.82384931259075,0.309207466850095,-0.0458686211762412,1.97439366881877,-0.355205212218289,212.206590789194,212.206590789194,5.04242424242424
0.0756552624716933,-1.82496378002705,0.31320930835408,-0.0385248043917351,1.97563556348719,-0.351096266593157,212.206590789194,212.206590789194,5.09090909090909
0.083553153112886,-1.8260151066614,0.317195940950793,-0.0311761468890498,1.97679086912493,-0.346961017780065,212.206590789194,212.206590789194,5.13939393939394
0.0913987981831804,-1.82700355594112,0.321166674344658,-0.0238226488580255,1.97786085183196,-0.342800579304589,212.206590789194,212.206590789194,5.18787878787879
0.0991929420885984,-1.82792939037078,0.325120834547465,-0.0164643272751147,1.97884675541142,-0.338616049860442,212.206590789194,212.206590789194,5.23636363636364
0.106936304671069,-1.82879287159521,0.329057763458785,-0.00910121468601297,1.97974980228994,-0.334408513689907,212.206590789194,212.206590789194,5.28484848484849
0.11462958266178,-1.82959426047396,0.332976818466354,-0.00173335804189076,1.98057119437518,-0.330179040926958,212.206590789194,212.206590789194,5.33333333333333
0.12227345105603,-1.83033381714757,0.336877372064668,0.00563918241381794,1.98131211385504,-0.325928687906451,212.206590789194,212.206590789194,5.38181818181818
0.129868564414458,-1.83101180109595,0.340758811490207,0.013016334210849,1.98197372394265,-0.321658497442501,212.206590789194,212.206590789194,5.43030303030303
0.137415558095145,-1.83162847118919,0.344620538371789,0.0203980136723112,1.98255716957094,-0.317369499078975,212.206590789194,212.206590789194,5.47878787878788
0.144915049420775,-1.83218408573108,0.348461968394707,0.0277841268919766,1.98306357804032,-0.31306270931476,212.206590789194,212.206590789194,5.52727272727273
0.152367638784717,-1.83267890249562,0.352282530977368,0.0351745706708028,1.98349405962286,-0.308739131806334,212.206590789194,212.206590789194,5.57575757575758
0.159773910699617,-1.83311317875688,0.356081668959306,0.0425692334146401,1.98384970812595,-0.304399757549953,212.206590789194,212.206590789194,5.62424242424242
0.167134434791848,-1.83348717131241,0.359858838299464,0.0499679959949362,1.98413160141844,-0.300045565045603,212.206590789194,212.206590789194,5.67272727272727
0.174449766744938,-1.8338011365005,0.363613507783787,0.0573707325741019,1.98434080192178,-0.295677520444718,212.206590789194,212.206590789194,5.72121212121212
0.181720449194852,-1.8340553302116,0.367345158741208,0.0647773113970815,1.98447835706892,-0.291296577683524,212.206590789194,212.206590789194,5.76969696969697
0.188947012579855,-1.83425000789406,0.371053284767185,0.0721875955505574,1.98454529973301,-0.28690367860372,212.206590789194,212.206590789194,5.81818181818182
0.196129975947483,-1.8343854245546,0.374737391454038,0.0796014436911176,1.98454264862842,-0.282499753062094,212.206590789194,212.206590789194,5.86666666666667
0.203269847720982,-1.8344618347536,0.378396996127364,0.087018710743624,1.98447140868583,-0.278085719030544,212.206590789194,212.206590789194,5.91515151515152
0.210367126427444,-1.8344794925956,0.382031627587891,0.0944392485709431,1.98433257140354,-0.273662482687873,212.206590789194,212.206590789194,5.96363636363636
0.217422301389706,-1.83443865171512,0.385640825858174,0.101862906616123,1.98412711517667,-0.269230938504608,212.206590789194,212.206590789194,6.01212121212121
0.224435853383988,-1.83433956525817,0.389224141933591,0.109289532518035,1.98385600560598,-0.264791969322018,212.206590789194,212.206590789194,6.06060606060606
0.231408255265095,-1.83418248585955,0.392781137537132,0.116718972701454,1.98352019578787,-0.260346446426385,212.206590789194,212.206590789194,6.10909090909091
0.238339972560913,-1.83396766561625,0.396311384877543,0.124151072942473,1.983120626587,-0.255895229619529,212.206590789194,212.206590789194,6.15757575757576
0.245231464037847,-1.83369535605718,0.399814466410384,0.131585678910138,1.98265822689304,-0.251439167286479,212.206590789194,212.206590789194,6.20606060606061
0.252083182238727,-1.83336580810939,0.403289974601653,0.139022636685104,1.98213391386261,-0.246979096461112,212.206590789194,212.206590789194,6.25454545454545
0.258895573994644,-1.83297927206097,0.406737511693602,0.146461793256124,1.98154859314783,-0.242515842890534,212.206590789194,212.206590789194,6.3030303030303
0.265669080912106,-1.83253599752095,0.410156689472452,0.153902996995107,1.98090315911252,-0.238050221098872,212.206590789194,212.206590789194,6.35151515151515
0.272404139836801,-1.83203623337629,0.413547129037713,0.16134609811148,1.98019849503708,-0.233583034451112,212.206590789194,212.206590789194,6.4
0.27910118329522,-1.83148022774616,0.41690846057286,0.168790949086552,1.97943547331306,-0.229115075217542,212.206590789194,212.206590789194,6.44848484848485
0.285760639915313,-1.83086822793377,0.420240323117126,0.176237405088546,1.97861495562838,-0.224647124639315,212.206590789194,212.206590789194,6.4969696969697
0.292382934827299,-1.83020048037588,0.423542364338203,0.183685324368974,1.97773779314396,-0.220179952995584,212.206590789194,212.206590789194,6.54545454545455
0.298968490045685,-1.82947723059012,0.426814240305669,0.191134568640957,1.97680482666267,-0.215714319672617,212.206590789194,212.206590789194,6.59393939393939
0.305517724833521,-1.8286987231204,0.430055615264973,0.198585003440148,1.97581688679125,-0.21125097323526,212.206590789194,212.206590789194,6.64242424242424
0.312031056049852,-1.82786520148048,0.433266161411811,0.206036498468821,1.97477479409598,-0.206790651501054,212.206590789194,212.206590789194,6.69090909090909
0.318508898481285,-1.82697690809592,0.436445558666781,0.213488927923746,1.97367935925268,-0.202334081617297,212.206590789194,212.206590789194,6.73939393939394
0.324951665158563,-1.82603408424449,0.439593494450179,0.220942170808402,1.97253138319169,-0.197881980141278,212.206590789194,212.206590789194,6.78787878787879
0.331359767658984,-1.82503696999527,0.442709663456833,0.2283961112301,1.97133165723828,-0.193435053123903,212.206590789194,212.206590789194,6.83636363636364
0.337733616395477,-1.82398580414654,0.445793767430885,0.235850638682578,1.97008096324924,-0.188993996196877,212.206590789194,212.206590789194,6.88484848484848
0.344073620893102,-1.82288082416253,0.448845514940422,0.243305648314593,1.96878007374585,-0.184559494663579,212.206590789194,212.206590789194,6.93333333333333
0.350380190053725,-1.82172226610938,0.451864621151905,0.250761041185049,1.96742975204387,-0.180132223593754,212.206590789194,212.206590789194,6.98181818181818
0.356653732409585,-1.82051036459006,0.454850807604294,0.258216724505196,1.96603075238088,-0.175712847922112,212.206590789194,212.206590789194,7.03030303030303
0.362894656366412,-1.81924535267879,0.45780380198284,0.265672611868396,1.96458382004137,-0.171302022550886,212.206590789194,212.206590789194,7.07878787878788
0.369103370436807,-1.81792746185473,0.460723337892474,0.273128623467977,1.96308969147998,-0.166900392456397,212.206590789194,212.206590789194,7.12727272727273
0.375280283464457,-1.81655692193529,0.463609154630744,0.280584686303678,1.96154909444303,-0.16250859279966,212.206590789194,212.206590789194,7.17575757575758
0.381425804839848,-1.81513396100892,0.466460996960266,0.288040734377154,1.95996274808897,-0.158127249041011,212.206590789194,212.206590789194,7.22424242424242
0.387540344708044,-1.81365880536778,0.469278614880631,0.295496708877063,1.95833136310759,-0.153756977058763,212.206590789194,212.206590789194,7.27272727272727
0.393624314169099,-1.81213167944006,0.472061763399749,0.302952558354175,1.95665564183872,-0.149398383271852,212.206590789194,212.206590789194,7.32121212121212
0.400450336454311,-1.81029168066151,0.475140326553296,0.310052134530429,1.95453177821298,-0.145272705427836,211.633809552403,211.633809552403,7.36969696969697
0.406725681769413,-1.80823638646533,0.477842364130443,0.309618227239376,1.95156271707385,-0.145603520720989,209.962705531663,209.962705531663,7.41818181818182
0.413306420004132,-1.805554533241,0.480480987332081,0.298428381061482,1.94681175097215,-0.152208214079927,207.264138261421,207.264138261421,7.46666666666667
0.420225453983002,-1.80216142745246,0.483024537072907,0.274964320208414,1.93961194771826,-0.165706224003943,203.608967276127,203.608967276127,7.51515151515152
0.427442310900259,-1.7980979231714,0.485439580047861,0.239912697377141,1.92928258400907,-0.185223786333074,199.068052110229,199.068052110229,7.56363636363636
0.434862442669104,-1.79350530653676,0.487701758669888,0.195475342642953,1.91525758423435,-0.20889748729557,193.712252298175,193.712252298175,7.61212121212121
0.442358717080496,-1.78859276121632,0.489805659307535,0.144593607846774,1.89729543143403,-0.234480943016868,187.612427374413,187.612427374413,7.66060606060606
0.449791093043912,-1.7836039197235,0.491769660114653,0.0903327621299805,1.87563823164889,-0.259850352547261,180.839436873391,180.839436873391,7.70909090909091
0.457020603486612,-1.77878550112547,0.493632909381887,0.0355573440825058,1.85106840464045,-0.283301229135551,173.464140329559,173.464140329559,7.75757575757576
0.463916740080433,-1.77435680112821,0.495443359858437,-0.0171293033160295,1.82487798638154,-0.303650193948636,165.557397277364,165.557397277364,7.80606060606061
0.47036087564515,-1.77047847711224,0.497238047655525,-0.065312972899774,1.79876954805024,-0.320218121501955,157.190067251255,157.190067251255,7.85454545454545
0.476250020351915,-1.76722509428322,0.499021174668438,-0.106726708215331,1.77467592102621,-0.332763716360073,148.43300978568,148.43300978568,7.9030303030303
0.481504289167515,-1.76457493376558,0.500752006621493,-0.139375705392647,1.75447136502637,-0.3413994208127,139.357084415087,139.357084415087,7.95151515151515
0.486078793407106,-1.76243123560244,0.50235658583823,-0.161889800842908,1.73958061684508,-0.346499287483853,130.033150673925,130.033150673925,8
0.489977855267417,-1.76067076436139,0.503764962259534,-0.174047048064983,1.73055930954809,-0.348621135625807,120.532068096642,120.532068096642,8.04848484848485
0.493268212161659,-1.75918837372492,0.504952817809939,-0.177309012285206,1.72676425429483,-0.348493433837592,110.924696217687,110.924696217687,8.0969696969697
0.496089138194409,-1.75790179868194,0.505958106592359,-0.175213609795327,1.72619970675618,-0.347113175766739,101.281894571507,101.281894571507,8.14545454545454
0.49863743338194,-1.7568199458904,0.506897280430061,-0.173135822904804,1.72643694128165,-0.346044926117797,91.6745226925518,91.6745226925518,8.19393939393939
0.501056676256134,-1.75627599227393,0.507992699658994,-0.175561452414831,1.7277114911642,-0.347369150719385,82.1734401152689,82.1734401152689,8.24242424242424
0.503426369477127,-1.75654812463045,0.509408833243076,-0.185115047679262,1.73066143180533,-0.35249516982734,72.849506374107,72.849506374107,8.29090909090909
0.505780592978222,-1.7577823318272,0.511227988203111,-0.202903604766701,1.73549183842816,-0.362040322283233,63.7735810035143,63.7735810035143,8.33939393939394
0.508117054653343,-1.76002139005493,0.513465969911153,-0.228780404823325,1.74203005659843,-0.375966077109932,55.0165235379392,55.0165235379392,8.38787878787879
0.510406975903339,-1.76321991595607,0.516084673126399,-0.261625351388264,1.74982232707297,-0.393714879256004,46.6491935118299,46.6491935118299,8.43636363636364
0.51260496930976,-1.76724994099525,0.519001964549659,-0.299620311843909,1.75825524209156,-0.41434107760243,38.742450459635,38.742450459635,8.48484848484848
0.514657863777536,-1.77190365612499,0.52209971884243,-0.340497013211228,1.76667849185008,-0.436630944998845,31.3671539158026,31.3671539158026,8.53333333333333
0.516511892917673,-1.77689939896767,0.525231096364163,-0.38175098168963,1.77450910695941,-0.459213661088498,24.5941634147812,24.5941634147812,8.58181818181818
0.518118359690786,-1.78189619027734,0.52822880829143,-0.420836669759157,1.78130453936717,-0.480672805598904,18.4943384910191,18.4943384910191,8.63030303030303
0.519438428428822,-1.78652212333953,0.530917330470579,-0.45537293367488,1.7867981893881,-0.499671080645436,13.1385386789647,13.1385386789647,8.67878787878788
0.520447894882055,-1.79042114769081,0.533132881687487,-0.483386064763883,1.79089747248009,-0.515096920530489,8.59762351306639,8.59762351306639,8.72727272727273
0.521142637313066,-1.79331842323262,0.534753546675377,-0.50359931030888,1.79365423931208,-0.526231775205257,4.94245252777237,4.94245252777237,8.77575757575758
0.521545014139519,-1.79509554302815,0.535736840752357,-0.51575151993128,1.79522919126717,-0.532926103514691,2.24388525753102,2.24388525753102,8.82424242424242
0.521710932039012,-1.79585835245497,0.536155685371568,-0.520908720993858,1.79587834597354,-0.535766733120973,0.572781236790797,0.572781236790797,8.87272727272727
0.521737036603592,-1.7959814521485,0.536222924840893,-0.521737036603592,1.7959814521485,-0.536222924840893,0,0,8.92121212121212
0.521737036603592,-1.7959814521485,0.536222924840893,-0.521737036603592,1.7959814521485,-0.536222924840893,0.572781236790823,0.572781236790823,8.96969696969697
0.521737036603592,-1.7959814521485,0.536222924840893,-0.521737036603593,1.7959814521485,-0.536222924840893,2.24388525753106,2.24388525753106,9.01818181818182
0.521737036603592,-1.7959814521485,0.536222924840893,-0.521737036603592,1.7959814521485,-0.536222924840893,4.94245252777235,4.94245252777235,9.06666666666667
0.521737036603591,-1.7959814521485,0.536222924840893,-0.521737036603592,1.7959814521485,-0.536222924840892,8.59762351306637,8.59762351306637,9.11515151515152
0.521737036603591,-1.7959814521485,0.536222924840893,-0.521737036603592,1.7959814521485,-0.536222924840892,13.1385386789647,13.1385386789647,9.16363636363636
0.521737036603592,-1.7959814521485,0.536222924840893,-0.521737036603592,1.7959814521485,-0.536222924840892,18.4943384910191,18.4943384910191,9.21212121212121
0.521737036603592,-1.7959814521485,0.536222924840893,-0.521737036603593,1.7959814521485,-0.536222924840893,24.5941634147812,24.5941634147812,9.26060606060606
0.521737036603592,-1.7959814521485,0.536222924840893,-0.521737036603592,1.7959814521485,-0.536222924840893,31.3671539158026,31.3671539158026,9.30909090909091
0.521737036603591,-1.7959814521485,0.536222924840893,-0.521737036603592,1.7959814521485,-0.536222924840892,38.7424504596349,38.7424504596349,9.35757575757576
0.521737036603592,-1.7959814521485,0.536222924840893,-0.521737036603592,1.7959814521485,-0.536222924840893,46.6491935118299,46.6491935118299,9.40606060606061
0.521737036603592,-1.7959814521485,0.536222924840893,-0.521737036603592,1.7959814521485,-0.536222924840893,55.0165235379391,55.0165235379391,9.45454545454546
0.521737036603592,-1.7959814521485,0.536222924840893,-0.521737036603592,1.7959814521485,-0.536222924840893,63.7735810035143,63.7735810035143,9.5030303030303
0.521737036603592,-1.7959814521485,0.536222924840893,-0.521737036603592,1.7959814521485,-0.536222924840893,72.849506374107,72.849506374107,9.55151515151515
0.521737036603592,-1.7959814521485,0.536222924840893,-0.521737036603592,1.7959814521485,-0.536222924840893,82.173440115269,82.173440115269,9.6
0.521737036603592,-1.7959814521485,0.536222924840893,-0.521737036603592,1.7959814521485,-0.536222924840893,91.6745226925518,91.6745226925518,9.64848484848485
0.521737036603592,-1.7959814521485,0.536222924840893,-0.521737036603593,1.7959814521485,-0.536222924840893,101.281894571507,101.281894571507,9.6969696969697
0.521737036603591,-1.7959814521485,0.536222924840893,-0.521737036603592,1.7959814521485,-0.536222924840892,110.924696217687,110.924696217687,9.74545454545455
0.521737036603591,-1.7959814521485,0.536222924840893,-0.521737036603592,1.7959814521485,-0.536222924840892,120.532068096642,120.532068096642,9.79393939393939
0.521737036603592,-1.7959814521485,0.536222924840893,-0.521737036603592,1.7959814521485,-0.536222924840893,130.033150673925,130.033150673925,9.84242424242424
0.521737036603591,-1.7959814521485,0.536222924840893,-0.521737036603592,1.7959814521485,-0.536222924840892,139.357084415087,139.357084415087,9.89090909090909
0.521737036603592,-1.7959814521485,0.536222924840893,-0.521737036603592,1.7959814521485,-0.536222924840893,148.433009785679,148.433009785679,9.93939393939394
0.521737036603591,-1.7959814521485,0.536222924840893,-0.521737036603592,1.7959814521485,-0.536222924840892,157.190067251255,157.190067251255,9.98787878787879
0.521737036603592,-1.7959814521485,0.536222924840893,-0.521737036603592,1.7959814521485,-0.536222924840893,165.557397277364,165.557397277364,10.0363636363636
0.521737036603591,-1.7959814521485,0.536222924840893,-0.521737036603592,1.7959814521485,-0.536222924840892,173.464140329559,173.464140329559,10.0848484848485
0.521737036603592,-1.7959814521485,0.536222924840893,-0.521737036603592,1.7959814521485,-0.536222924840893,180.839436873391,180.839436873391,10.1333333333333
0.521737036603592,-1.7959814521485,0.536222924840893,-0.521737036603592,1.7959814521485,-0.536222924840893,187.612427374413,187.612427374413,10.1818181818182
0.521737036603592,-1.7959814521485,0.536222924840893,-0.521737036603592,1.7959814521485,-0.536222924840893,193.712252298175,193.712252298175,10.230303030303
0.521737036603592,-1.7959814521485,0.536222924840893,-0.521737036603592,1.7959814521485,-0.536222924840893,199.068052110229,199.068052110229,10.2787878787879
0.521737036603592,-1.7959814521485,0.536222924840893,-0.521737036603593,1.7959814521485,-0.536222924840893,203.608967276127,203.608967276127,10.3272727272727
0.521737036603592,-1.7959814521485,0.536222924840893,-0.521737036603592,1.7959814521485,-0.536222924840893,207.264138261421,207.264138261421,10.3757575757576
0.521737036603591,-1.7959814521485,0.536222924840893,-0.521737036603592,1.7959814521485,-0.536222924840892,209.962705531663,209.962705531663,10.4242424242424
0.521737036603592,-1.7959814521485,0.536222924840893,-0.521737036603592,1.7959814521485,-0.536222924840893,211.633809552403,211.633809552403,10.4727272727273
0.521737036603592,-1.7959814521485,0.536222924840893,-0.521737036603593,1.7959814521485,-0.536222924840893,212.206590789194,212.206590789194,10.5212121212121
