-0.487593258807527,1.72495382425791,-0.502130214705918,0.489407699663268,-1.72598550897524,0.502837614525572,211.633809552403,211.633809552403,0.0484848484848485
-0.476048959539308,1.71632864396789,-0.496799623380914,0.489196695693475,-1.72382301073333,0.501873889334423,209.962705531663,209.962705531663,0.096969696969697
-0.448941090853027,1.69593294023634,-0.484601096825838,0.488704052671965,-1.71872497657532,0.499574751805339,207.264138261421,207.264138261421,0.145454545454545
-0.404398422982293,1.66203475921652,-0.465565583326836,0.487903642398094,-1.71029974854406,0.495690764271342,203.608967276127,203.608967276127,0.193939393939394
-0.343795018450587,1.61531501480368,-0.441799113258322,0.486833579096928,-1.69878407474719,0.490209589162343,199.068052110229,199.068052110229,0.242424242424242
-0.270460552906218,1.55824650141942,-0.416561009593947,0.485567606978723,-1.68486599351221,0.483312697077172,193.712252298175,193.712252298175,0.290909090909091
-0.188363900081185,1.49433650065367,-0.393209759986799,0.484183487286969,-1.66946853904217,0.475324131585274,187.612427374413,187.612427374413,0.339393939393939
-0.101272850230668,1.4274369376166,-0.374442135280758,0.48274267747987,-1.65355833015129,0.466657554343405,180.839436873391,180.839436873391,0.387878787878788
-0.0125419057914155,1.36127614992884,-0.361937315999631,0.481287674447668,-1.6380226695801,0.457772109460314,173.464140329559,173.464140329559,0.436363636363636
0.0746432014616182,1.2992159217227,-0.356262267745092,0.479853224318989,-1.6236150739418,0.449140146566853,165.557397277364,165.557397277364,0.484848484848485
0.156873380888431,1.24411857268301,-0.356871617090876,0.478482115342989,-1.6109388443966,0.441218746814297,157.190067251255,157.190067251255,0.533333333333333
0.23030570647046,1.19820269884759,-0.362177292837606,0.477235262016853,-1.60043678881811,0.434413807224172,148.43300978568,148.43300978568,0.581818181818182
0.290925312732365,1.16285476971232,-0.369811900150907,0.476187737564565,-1.59237263641375,0.429033380187839,139.357084415087,139.357084415087,0.63030303030303
0.335415453615159,1.1384567215718,-0.377210442412508,0.475408489177195,-1.58680658979107,0.425238168729255,130.033150673925,130.033150673925,0.678787878787879
0.362455785917125,1.12428234338889,-0.382422981685318,0.474930837985208,-1.58356907625925,0.422999107269042,120.532068096642,120.532068096642,0.727272727272727
0.373961849488885,1.11840254190136,-0.384801047110916,0.474726731118351,-1.58222463004975,0.422062323416393,110.924696217687,110.924696217687,0.775757575757576
0.375803454963254,1.11746988401969,-0.385190426122085,0.474694017318908,-1.58201127559417,0.421913282209666,101.281894571507,101.281894571507,0.824242424242424
0.377108632311415,1.11955057365199,-0.386258849918026,0.474632904612416,-1.58216050259787,0.422067535134988,91.6745226925518,91.6745226925518,0.872727272727273
0.385125488770939,1.13246203143018,-0.392796951608968,0.474256412432502,-1.58309168907983,0.423022948600649,82.1734401152689,82.1734401152689,0.921212121212121
0.403296985911347,1.16256944867001,-0.407451496313117,0.473396341554508,-1.58529384617457,0.425236460229233,72.849506374107,72.849506374107,0.96969696969697
0.431543416434387,1.21170878398455,-0.429724772034197,0.472043805298993,-1.58895714429274,0.428791251633705,63.7735810035143,63.7735810035143,1.01818181818182
0.467368249448583,1.27810477702002,-0.456941416279178,0.470311138657328,-1.59397025879856,0.433434260803825,55.0165235379392,55.0165235379392,1.06666666666667
0.507580410402332,1.35779446588001,-0.485854057966615,0.468367244474005,-1.59993189724941,0.438668510324385,46.6491935118299,46.6491935118299,1.11515151515152
0.549550183430665,1.44603159694139,-0.513855013447842,0.466381967973296,-1.60621228802758,0.443878308786738,38.742450459635,38.742450459635,1.16363636363636
0.591561920631969,1.53815850901735,-0.539370008464199,0.464500163099144,-1.61203987862949,0.448439566279501,31.3671539158026,31.3671539158026,1.21212121212121
0.632545151821483,1.62981281392189,-0.561707322960948,0.462841406558033,-1.61657328850379,0.451791470473837,24.5941634147812,24.5941634147812,1.26060606060606
0.671600352269763,1.71670935141241,-0.580758384638131,0.461509058048185,-1.61897671350303,0.453498581204206,18.4943384910191,18.4943384910191,1.30909090909091
0.70756773957452,1.79440863628914,-0.596718558846232,0.460589314721663,-1.61860114833663,0.453367582198951,13.1385386789647,13.1385386789647,1.35757575757576
0.738769516731045,1.85848783053345,-0.60977641109046,0.460120372387015,-1.61540663913493,0.451651502535027,8.59762351306639,8.59762351306639,1.40606060606061
0.763095919564263,1.90538951229557,-0.619770744650934,0.460032192736554,-1.61050976376118,0.449189561069717,4.94245252777237,4.94245252777237,1.45454545454545
0.778746907702422,1.93380576787641,-0.626225230354574,0.460130631426006,-1.60605166512359,0.447104492819819,2.24388525753102,2.24388525753102,1.5030303030303
0.785675561506883,1.94589103177598,-0.629100648819421,0.460217164527738,-1.60372774760091,0.446070927348171,0.572781236790797,0.572781236790797,1.55151515151515
0.786805642142304,1.94783189196389,-0.62957081697798,0.460233881482194,-1.60332793313541,0.445896644043089,0,0,1.6
0.786779309121893,1.94782207536882,-0.629571519153712,0.460206918670346,-1.60333642255069,0.445907015692893,0.572781236790823,0.572781236790823,1.64848484848485
0.78659830838456,1.94775459651315,-0.629576332711804,0.460021592210319,-1.60339478739276,0.445978306028352,2.24388525753106,2.24388525753106,1.6969696969697
0.786117612024422,1.94757535247722,-0.629589007389622,0.459529434605494,-1.60354989789587,0.446167641095026,4.94245252777235,4.94245252777235,1.74545454545455
0.785204123213329,1.94723458468136,-0.629612657323276,0.458594273531783,-1.60384508922086,0.446527459776349,8.59762351306637,8.59762351306637,1.79393939393939
0.78373879309933,1.94668757160203,-0.629649401119261,0.457094476722088,-1.60431977703949,0.447104689338554,13.1385386789647,13.1385386789647,1.84242424242424
0.781619006948312,1.94589541584111,-0.629699958148182,0.454925486682921,-1.60500902319178,0.447939810886831,18.4943384910191,18.4943384910191,1.89090909090909
0.778760827738377,1.94482579678483,-0.629763273010805,0.452002212667765,-1.60594312516494,0.449065970072585,24.5941634147812,24.5941634147812,1.93939393939394
0.775100694025827,1.94345356268642,-0.629836238629542,0.448260856268519,-1.60714730153445,0.450508285166215,31.3671539158026,31.3671539158026,1.98787878787879
0.770596247444507,1.94176105930594,-0.629913574351443,0.443659828553293,-1.60864153151927,0.452283475944432,38.7424504596349,38.7424504596349,2.03636363636364
0.765226108459858,1.93973813484226,-0.629987889782292,0.438179565566644,-1.61044058136143,0.454399884533311,46.6491935118299,46.6491935118299,2.08484848484848
0.758988596424816,1.93738181394235,-0.630049933340097,0.431821233632791,-1.61255421876175,0.456857894378734,55.0165235379391,55.0165235379391,2.13333333333333
0.751899557138919,1.93469568406841,-0.630088994742243,0.424604490229916,-1.61498758695982,0.45965069194465,63.7735810035143,63.7735810035143,2.18181818181818
0.743989577926149,1.93168907360206,-0.630093410030664,0.416564588642017,-1.61774168933241,0.462765272128744,72.849506374107,72.849506374107,2.23030303030303
0.735300916182723,1.92837611653506,-0.630051109951298,0.407749163708563,-1.62081392723233,0.466183570310705,82.173440115269,82.173440115269,2.27878787878788
0.725884445917158,1.92477479420412,-0.629950156843512,0.398215015230528,-1.62419863756819,0.469883610323145,91.6745226925518,91.6745226925518,2.32727272727273
0.715796859142665,1.92090602623235,-0.629779227795682,0.388025136679592,-1.62788758858394,0.473840580978238,101.281894571507,101.281894571507,2.37575757575758
0.705098272184112,1.91679285844668,-0.62952801776283,0.377246147769304,-1.63187040763177,0.478027784389321,110.924696217687,110.924696217687,2.42424242424242
0.693850303961756,1.91245977174841,-0.629187551476636,0.365946203922833,-1.63613492937927,0.482417428916734,120.532068096642,120.532068096642,2.47272727272727
0.682114627895505,1.90793211683476,-0.628750404835406,0.354193388037193,-1.64066746441241,0.486981263107037,130.033150673925,130.033150673925,2.52121212121212
0.669951955864149,1.9032356667807,-0.628210844233614,0.342054545072687,-1.64545299577351,0.491691062726991,139.357084415087,139.357084415087,2.56969696969697
0.657421389889044,1.89839627240494,-0.627564896325918,0.329594496147143,-1.65047531492432,0.496518991467518,148.433009785679,148.433009785679,2.61818181818182
0.644580070023589,1.89343960274452,-0.626810361923539,0.31687556101814,-1.65571710981362,0.501437858792927,157.190067251255,157.190067251255,2.66666666666667
0.631483049861864,1.88839095332816,-0.625946787095971,0.303957320493162,-1.66116001712399,0.506421297656054,165.557397277364,165.557397277364,2.71515151515152
0.618183339484905,1.88327510695298,-0.624975402949612,0.290896558635876,-1.66678464919822,0.511443882038095,173.464140329559,173.464140329559,2.76363636363636
0.604732066196382,1.8781162343752,-0.623899043588077,0.277747335187862,-1.67257060419384,0.516481200695762,180.839436873391,180.839436873391,2.81212121212121
0.591178713970109,1.87293782511366,-0.622722049807155,0.264561149238884,-1.67849646605416,0.521509899858503,187.612427374413,187.612427374413,2.86060606060606
0.577571412026392,1.86776264110607,-0.621450164342317,0.251387164701066,-1.68453979911222,0.526507704318406,193.712252298175,193.712252298175,2.90909090909091
0.563957250919784,1.86261268810852,-0.620090423049159,0.238272476100959,-1.69067714063923,0.531453423562316,199.068052110229,199.068052110229,2.95757575757576
0.550382610900835,1.85750920146308,-0.618651045265716,0.22526239953567,-1.69688399341966,0.536326947334387,203.608967276127,203.608967276127,3.00606060606061
0.536893492257029,1.85247264421006,-0.617141325751399,0.212400778495729,-1.70313481945478,0.541109233237923,207.264138261421,207.264138261421,3.05454545454545
0.523535841076559,1.84752271655104,-0.615571529975932,0.19973029787767,-1.70940303512131,0.545782287606524,209.962705531663,209.962705531663,3.1030303030303
0.510355866660633,1.84267837644361,-0.613952794096171,0.187292802149708,-1.71566100749904,0.55032913980849,211.633809552403,211.633809552403,3.15151515151515
0.497400348863952,1.83795787169133,-0.612297030665521,0.175129615532392,-1.72188005108829,0.554733809313688,212.206590789194,212.206590789194,3.2
0.484705220925882,1.83337457523524,-0.61061526291344,0.163270948362897,-1.72803613154529,0.558985156740091,212.206590789194,212.206590789194,3.24848484848485
0.47226113626117,1.8289248933949,-0.608912475392246,0.151704292220717,-1.73412718610924,0.563087883592203,212.206590789194,212.206590789194,3.2969696969697
0.460049321904062,1.82460170706891,-0.607191752002284,0.140408580452198,-1.74015638369893,0.567049796348303,212.206590789194,212.206590789194,3.34545454545455
0.448053067836972,1.82039859318373,-0.605455826313172,0.129364959526603,-1.74612652817523,0.570877885672556,212.206590789194,212.206590789194,3.39393939393939
0.436257427416732,1.81630972801859,-0.603707133380706,0.118556471758555,-1.75204011112263,0.574578441040274,212.206590789194,212.206590789194,3.44242424242424
0.424648971229865,1.81232980733504,-0.601947852201013,0.107967794249719,-1.75789935520016,0.578157145238863,212.206590789194,212.206590789194,3.49090909090909
0.413215583193713,1.80845397985155,-0.600179940776734,0.0975850223284113,-1.76370625003753,0.581619152915781,212.206590789194,212.206590789194,3.53939393939394
0.401946290382975,1.80467779141839,-0.598405165297491,0.0873954885493689,-1.76946258218126,0.584969156358291,212.206590789194,212.206590789194,3.58787878787879
0.390831120018472,1.80099713784767,-0.596625124589948,0.0773876103635187,-1.77516996025001,0.588211440963287,212.206590789194,212.206590789194,3.63636363636364
0.379860978511395,1.7974082248021,-0.594841270734965,0.0675507610921745,-1.78082983620061,0.591349932313963,212.206590789194,212.206590789194,3.68484848484849
0.369027548552343,1.79390753348375,-0.593054926555564,0.0578751599882073,-1.78644352341309,0.594388236371868,212.206590789194,212.206590789194,3.73333333333333
0.358323201067849,1.79049179112233,-0.591267300532301,0.0483517780403441,-1.79201221215521,0.597329673981908,212.206590789194,212.206590789194,3.78181818181818
0.347740919506987,1.78715794546116,-0.589479499589799,0.0389722568479704,-1.79753698287452,0.600177310648687,212.206590789194,212.206590789194,3.83030303030303
0.337274234416451,1.78390314259314,-0.587692540110888,0.0297288384141741,-1.80301881767805,0.602933982356965,212.206590789194,212.206590789194,3.87878787878788
0.326917166649772,1.78072470762034,-0.585907357466714,0.0206143041116403,-1.80845861029149,0.605602318063705,212.206590789194,212.206590789194,3.92727272727273
0.316664177861405,1.77762012770613,-0.584124814297588,0.0116219213965783,-1.8138571747359,0.608184759374581,212.206590789194,212.206590789194,3.97575757575758
0.306510127178321,1.77458703716488,-0.582345707736935,0.00274539710037836,-1.81921525291716,0.610683577826758,212.206590789194,212.206590789194,4.02424242424242
0.296450233135073,1.7716232042953,-0.580570775736846,-0.00602116366786813,-1.82453352128937,0.613100890126845,212.206590789194,212.206590789194,4.07272727272727
0.286480040113656,1.76872651971232,-0.578800702626552,-0.0146832938111633,-1.82981259672589,0.615438671634258,212.206590789194,212.206590789194,4.12121212121212
0.276595388655244,1.76589498597262,-0.577036124013202,-0.0232461963973688,-1.83505304170969,0.617698768332607,212.206590789194,212.206590789194,4.16969696969697
0.266792389113154,1.76312670832122,-0.575277631116468,-0.0317147732376937,-1.84025536893635,0.619882907492999,212.206590789194,212.206590789194,4.21818181818182
0.257067398200125,1.76041988641332,-0.573525774613928,-0.040093650365302,-1.84542004540863,0.621992707201302,212.206590789194,212.206590789194,4.26666666666667
0.247416998051811,1.75777280688757,-0.571781068062228,-0.0483872008157085,-1.85054749608912,0.624029684895275,212.206590789194,212.206590789194,4.31515151515152
0.237837977485302,1.75518383668532,-0.570043990949098,-0.056599565050486,-1.85563810716755,0.625995265035752,212.206590789194,212.206590789194,4.36363636363636
0.228327315178771,1.75265141702548,-0.568314991423152,-0.064734669315808,-1.86069222899101,0.627890786018043,212.206590789194,212.206590789194,4.41212121212121
0.218882164537704,1.75017405795732,-0.566594488741556,-0.0727962421856349,-1.8657101786984,0.629717506414621,212.206590789194,212.206590789194,4.46060606060606
0.209499840046258,1.7477503334245,-0.564882875469913,-0.0807878295043396,-1.87069224259458,0.63147661062754,212.206590789194,212.206590789194,4.50909090909091
0.200177804930024,1.74537887678225,-0.563180519463985,-0.0887128079141503,-1.87563867829472,0.633169214018332,212.206590789194,212.206590789194,4.55757575757576
0.190913659979953,1.74305837671757,-0.56148776565875,-0.0965743971278747,-1.88054971666539,0.634796367574145,212.206590789194,212.206590789194,4.60606060606061
0.181705133407066,1.74078757352873,-0.559804937686939,-0.104375671086277,-1.88542556358533,0.636359062161198,212.206590789194,212.206590789194,4.65454545454545
0.172550071614484,1.73856525572572,-0.558132339346244,-0.112119568121505,-1.89026640154575,0.637858232410128,212.206590789194,212.206590789194,4.7030303030303
0.163446430787766,1.73639025691839,-0.556470255931939,-0.11980890023262,-1.89507239110779,0.639294760272209,212.206590789194,212.206590789194,4.75151515151515
0.154392269216848,1.73426145296273,-0.554818955449535,-0.127446361566131,-1.89984367223215,0.640669478280637,212.206590789194,212.206590789194,4.8
0.145385740273555,1.73217775933947,-0.553178689720252,-0.135034536183134,-1.90458036549448,0.641983172546976,212.206590789194,212.206590789194,4.84848484848485
0.136425085977747,1.73013812874219,-0.551549695390573,-0.142575905184902,-1.90928257319814,0.643236585519277,212.206590789194,212.206590789194,4.8969696969697
0.127508631093083,1.72814154885467,-0.549932194855754,-0.150072853260366,-1.91395038039487,0.644430418525341,212.206590789194,212.206590789194,4.94545454545455
0.118634777700241,1.72618704029951,-0.548326397106023,-0.157527674711586,-1.91858385582235,0.645565334121879,212.206590789194,212.206590789194,4.99393939393939
0.109802000201354,1.72427365474221,-0.546732498503182,-0.164942579007,-1.92318305276701,0.646641958268061,212.206590789194,212.206590789194,5.04242424242424
0.101008840714618,1.72240047313631,-0.545150683494459,-0.172319695906672,-1.92774800985909,0.647660882339853,212.206590789194,212.206590789194,5.09090909090909
0.0922539048225433,1.72056660409709,-0.543581125269667,-0.179661080198922,-1.93227875180655,0.648622664999823,212.206590789194,212.206590789194,5.13939393939394
0.0835358576412691,1.7187711823923,-0.542023986367083,-0.186968716083524,-1.93677529007344,0.649527833935503,212.206590789194,212.206590789194,5.18787878787879
0.0748534201818566,1.71701336753991,-0.540479419232857,-0.194244521232871,-1.94123762350793,0.650376887478042,212.206590789194,212.206590789194,5.23636363636364
0.0662053659774952,1.71529234250359,-0.538947566738256,-0.201490350559296,-1.94566573892453,0.651170296111698,212.206590789194,212.206590789194,5.28484848484849
0.0575905179532709,1.71360731247778,-0.537428562658589,-0.208707999713824,-1.95005961164464,0.651908503883616,212.206590789194,212.206590789194,5.33333333333333
0.0490077455175021,1.71195750375492,-0.535922532117258,-0.215899208339061,-1.95441920599911,0.652591929722437,212.206590789194,212.206590789194,5.38181818181818
0.040455961855763,1.71034216266811,-0.534429591998041,-0.223065663096725,-1.95874447579611,0.653220968673419,212.206590789194,212.206590789194,5.43030303030303
0.0319341214105632,1.70876055460313,-0.532949851328383,-0.230209000488252,-1.96303536475739,0.65379599305705,212.206590789194,212.206590789194,5.47878787878788
0.0234412175313124,1.70721196307449,-0.531483411636211,-0.237330809485186,-1.96729180692552,0.65431735355742,212.206590789194,212.206590789194,5.52727272727273
0.0149762802806648,1.70569568886021,-0.530030367282527,-0.244432633984453,-1.97151372704464,0.654785380246085,212.206590789194,212.206590789194,5.57575757575758
0.00653837438465401,1.70421104919114,-0.528590805771825,-0.2515159751022,-1.97570104091692,0.655200383546598,212.206590789194,212.206590789194,5.62424242424242
-0.00187340268480298,1.70275737699047,-0.52716480804219,-0.258582293318639,-1.97985365573672,0.655562655144431,212.206590789194,212.206590789194,5.67272727272727
-0.0102599225054092,1.70133402015978,-0.525752448736742,-0.265633010485178,-1.98397147040427,0.655872468846579,212.206590789194,212.206590789194,5.72121212121212
-0.0186220273874456,1.69994034090815,-0.524353796457945,-0.272669511704141,-1.98805437582061,0.656130081394764,212.206590789194,212.206590789194,5.76969696969697
-0.0269605319527599,1.69857571512123,-0.522968914006172,-0.27969314709044,-1.99210225516516,0.656335733235828,212.206590789194,212.206590789194,5.81818181818182
-0.0352762246176546,1.69723953176737,-0.521597858603764,-0.28670523342376,-1.99611498415743,0.656489649252576,212.206590789194,212.206590789194,5.86666666666667
-0.0435698689868142,1.69593119233818,-0.520240682105739,-0.29370705569908,-2.0000924313041,0.656592039458082,212.206590789194,212.206590789194,5.91515151515152
-0.0518422051648367,1.69465011032114,-0.518897431198186,-0.300699868582693,-2.00403445813255,0.656643099656187,212.206590789194,212.206590789194,5.96363636363636
-0.0600939509913562,1.69339571070198,-0.517568147585288,-0.307684897780274,-2.00794091941196,0.65664301207074,212.206590789194,212.206590789194,6.01212121212121
-0.0683258032052642,1.69216742949483,-0.516252868165853,-0.314663341323028,-2.01181166336297,0.656591945945879,212.206590789194,212.206590789194,6.06060606060606
-0.0765384385430661,1.69096471329824,-0.514951625200131,-0.321636370777439,-2.01564653185668,0.656490058119487,212.206590789194,212.206590789194,6.10909090909091
-0.0847325147760171,1.68978701887537,-0.51366444646766,-0.328605132383694,-2.01944536060393,0.656337493571805,212.206590789194,212.206590789194,6.15757575757576
-0.0929086716902939,1.68863381275667,-0.512391355416785,-0.335570748127496,-2.02320797933545,0.656134385951002,212.206590789194,212.206590789194,6.20606060606061
-0.101067532014146,1.68750457086361,-0.511132371306474,-0.342534316749541,-2.02693421197376,0.655880858077369,212.206590789194,212.206590789194,6.25454545454545
-0.109209702295627,1.68639877815213,-0.50988750934098,-0.34949691469667,-2.03062387679725,0.655577022427692,212.206590789194,212.206590789194,6.3030303030303
-0.117335773734267,1.68531592827444,-0.508656780797864,-0.356459597018371,-2.03427678659714,0.65522298160124,212.206590789194,212.206590789194,6.35151515151515
-0.125446322969767,1.68425552325806,-0.507440193149849,-0.363423398212026,-2.03789274882784,0.654818828768649,212.206590789194,212.206590789194,6.4
-0.133541912830569,1.68321707320098,-0.506237750180938,-0.370389333020067,-2.04147156575116,0.654364648104986,212.206590789194,212.206590789194,6.44848484848485
-0.141623093044953,1.68220009598189,-0.505049452097189,-0.377358397181962,-2.04501303457484,0.653860515208069,212.206590789194,212.206590789194,6.4969696969697
-0.149690400917106,1.6812041169846,-0.503875295632512,-0.384331568143735,-2.04851694758578,0.653306497503133,212.206590789194,212.206590789194,6.54545454545455
-0.157744361970438,1.68022866883566,-0.502715274149824,-0.391309805727565,-2.05198309227848,0.65270265463479,212.206590789194,212.206590789194,6.59393939393939
-0.165785490560267,1.67927329115445,-0.501569377737879,-0.398294052763781,-2.05541125147885,0.652049038847209,212.206590789194,212.206590789194,6.64242424242424
-0.173814290457816,1.67833753031485,-0.500437593304034,-0.405285235687469,-2.05880120346383,0.651345695353337,212.206590789194,212.206590789194,6.69090909090909
-0.181831255407367,1.67742093921795,-0.499319904663234,-0.412284265101707,-2.06215272207713,0.650592662693952,212.206590789194,212.206590789194,6.73939393939394
-0.189836869658266,1.67652307707486,-0.498216292623441,-0.41929203630935,-2.06546557684127,0.649789973087277,212.206590789194,212.206590789194,6.78787878787879
-0.197831608473363,1.67564350919918,-0.497126735067739,-0.426309429815134,-2.06873953306631,0.648937652769801,212.206590789194,212.206590789194,6.83636363636364
-0.205815938615374,1.67478180680855,-0.496051207033293,-0.433337311799776,-2.07197435195527,0.648035722328969,212.206590789194,212.206590789194,6.88484848484848
-0.213790318812541,1.67393754683444,-0.494989680787381,-0.44037653456763,-2.07516979070673,0.647084197028297,212.206590789194,212.206590789194,6.93333333333333
-0.221755200204886,1.67311031174006,-0.493942125900628,-0.447427936969366,-2.07832560261459,0.646083087125455,212.206590789194,212.206590789194,6.98181818181818
-0.229711026772279,1.67229968934549,-0.492908509317634,-0.454492344801061,-2.08144153716521,0.64503239818382,212.206590789194,212.206590789194,7.03030303030303
-0.237658235745436,1.67150527265984,-0.491888795425109,-0.46157057118099,-2.08451734013213,0.643932131377975,212.206590789194,212.206590789194,7.07878787878788
-0.245597258000927,1.67072665971981,-0.49088294611765,-0.468663416905356,-2.08755275366851,0.642782283793564,212.206590789194,212.206590789194,7.12727272727273
-0.253528518441188,1.66996345343436,-0.489890920861289,-0.475771670784111,-2.09054751639732,0.641582848721917,212.206590789194,212.206590789194,7.17575757575758
-0.261452436360472,1.66921526143496,-0.48891267675489,-0.48289610995797,-2.09350136349948,0.640333815949812,212.206590789194,212.206590789194,7.22424242424242
-0.26936942579764,1.66848169593114,-0.48794816858952,-0.490037500197649,-2.0964140268001,0.639035172044708,212.206590789194,212.206590789194,7.27272727272727
-0.277279895876598,1.66776237357088,-0.486997348905845,-0.497196596186322,-2.09928523485268,0.637686900635778,212.206590789194,212.206590789194,7.32121212121212
-0.285184251135192,1.66705691530561,-0.486060168049656,-0.504374141786237,-2.10211471302165,0.636288982691025,212.206590789194,212.206590789194,7.36969696969697
-0.29308289184329,1.66636494625931,-0.485136574225564,-0.511570870290374,-2.10490218356303,0.634841396790739,212.206590789194,212.206590789194,7.41818181818182
-0.300976214310762,1.66568609560162,-0.484226513548939,-0.51878750466002,-2.10764736570345,0.63334411939756,212.206590789194,212.206590789194,7.46666666666667
-0.308864611186005,1.66501999642442,-0.483329930096131,-0.526024757749054,-2.11034997571749,0.631797125123363,212.206590789194,212.206590789194,7.51515151515152
-0.316748471745673,1.66436628562174,-0.482446765953016,-0.533283332515751,-2.11300972700339,0.630200386993154,212.206590789194,212.206590789194,7.56363636363636
-0.324628182176183,1.6637246037727,-0.481576961261901,-0.540563922222836,-2.11562633015711,0.628553876706194,212.206590789194,212.206590789194,7.61212121212121
-0.336219707647344,1.66267817463706,-0.480296964982125,-0.551256230909667,-2.11754553491737,0.625505973109464,211.633809552403,211.633809552403,7.66060606060606
-0.344059378835049,1.66130103357755,-0.479305796320625,-0.558100357442277,-2.10847674530216,0.620432212302629,209.962705531663,209.962705531663,7.70909090909091
-0.351859576655477,1.65887619705175,-0.478069786599954,-0.564086474629585,-2.08371243515191,0.610932681419267,207.264138261421,207.264138261421,7.75757575757576
-0.359627191521058,1.65516290593232,-0.476431247004905,-0.568692873641775,-2.041184295834,0.596596095308025,203.608967276127,203.608967276127,7.80606060606061
-0.367379284831803,1.65005518103478,-0.474201826515524,-0.571417710228237,-1.98196522548304,0.577899361737559,199.068052110229,199.068052110229,7.85454545454545
-0.375131078912983,1.64357350445041,-0.471205348469467,-0.571914030736109,-1.90915915362955,0.555748803125439,193.712252298175,193.712252298175,7.9030303030303
-0.382884920990098,1.63586740680911,-0.467335562819265,-0.570057851801168,-1.82677846259546,0.531091743265708,187.612427374413,187.612427374413,7.95151515151515
-0.390623643697981,1.62720911447121,-0.462598816792385,-0.565925624704132,-1.73896841074378,0.504737128251349,180.839436873391,180.839436873391,8
-0.398307293584698,1.61797696919678,-0.457131323954928,-0.559748376111539,-1.64969482326799,0.477375408879526,173.464140329559,173.464140329559,8.04848484848485
-0.405870818754078,1.60863574766674,-0.451196200704506,-0.551910860703115,-1.5627820355238,0.449721468858815,165.557397277364,165.557397277364,8.0969696969697
-0.413222302360951,1.59971279413887,-0.445164527920179,-0.543013064404231,-1.48207086968228,0.422700390794149,157.190067251255,157.190067251255,8.14545454545454
-0.420244823271163,1.59175709514916,-0.439475565149538,-0.533950004687467,-1.41144341388516,0.397585585270682,148.43300978568,148.43300978568,8.19393939393939
-0.426807568901655,1.58526790037023,-0.434568672415046,-0.525905380558431,-1.35451054160879,0.375963690637681,139.357084415087,139.357084415087,8.24242424242424
-0.432790393674807,1.58059452808378,-0.430790246062044,-0.520133445469696,-1.31389391042692,0.359400921567464,130.033150673925,130.033150673925,8.29090909090909
-0.438118673267093,1.57782907863887,-0.428295504661452,-0.517503060116368,-1.29024600288886,0.348820017110761,120.532068096642,120.532068096642,8.33939393939394
-0.442795780141714,1.57672071508743,-0.426971964565194,-0.517992575254312,-1.28132403570372,0.343842447965437,110.924696217687,110.924696217687,8.38787878787879
-0.446919275517269,1.57662681976984,-0.426400839468827,-0.52042639721079,-1.28139526541503,0.342442471989181,101.281894571507,101.281894571507,8.43636363636364
-0.450684753611739,1.576984575245,-0.426188015816802,-0.520480625137046,-1.28380388380226,0.341518038544209,91.6745226925518,91.6745226925518,8.48484848484848
-0.454324805740458,1.57871977962327,-0.426952403273933,-0.507053639455384,-1.29010624841386,0.339424420662468,82.1734401152689,82.1734401152689,8.53333333333333
-0.457977387951818,1.58274822155202,-0.429279777140003,-0.472468611064416,-1.30305732099277,0.335907221005176,72.849506374107,72.849506374107,8.58181818181818
-0.461679474410859,1.58960611140562,-0.433421300892646,-0.41466089361877,-1.32428081106974,0.33195625194056,63.7735810035143,63.7735810035143,8.63030303030303
-0.465395687510108,1.59950389258935,-0.439336021703432,-0.335945571455218,-1.35439519454977,0.329587287994796,55.0165235379392,55.0165235379392,8.67878787878788
-0.469056728135395,1.61232234964056,-0.446743912851735,-0.241126839426525,-1.39299908940224,0.331191308484562,46.6491935118299,46.6491935118299,8.72727272727273
-0.472593211587672,1.62762808197526,-0.455200489960512,-0.135703432933822,-1.43870110695873,0.338786107065791,38.742450459635,38.742450459635,8.77575757575758
-0.475951433160354,1.64471967815112,-0.464174663661522,-0.0248557023238203,-1.48925753824685,0.353471792595865,31.3671539158026,31.3671539158026,8.82424242424242
-0.479088276899728,1.66266057102395,-0.473105015312466,0.0866348493154228,-1.54174207861295,0.375127432770008,24.5941634147812,24.5941634147812,8.87272727272727
-0.481953073206978,1.68028591935332,-0.481439995240412,0.193874114853167,-1.5927151853522,0.402228222999261,18.4943384910191,18.4943384910191,8.92121212121212
-0.484470227361695,1.69625311673572,-0.488696891435817,0.291342070126816,-1.63851811892421,0.431787566966174,13.1385386789647,13.1385386789647,8.96969696969697
-0.48653855058467,1.70925852739464,-0.494549623426513,0.373036207697251,-1.67586211686278,0.459711766318642,8.59762351306639,8.59762351306639,9.01818181818182
-0.488058602788338,1.71845145719726,-0.498859154380021,0.433710063677967,-1.70264489154152,0.481917029831202,4.94245252777237,4.94245252777237,9.06666666666667
-0.488984556224229,1.72378585149766,-0.501580128980618,0.470917992274177,-1.71856555220634,0.495946973057797,2.24388525753102,2.24388525753102,9.11515151515152
-0.489378609221888,1.72598287572723,-0.502792128891588,0.486871010021198,-1.72526040769619,0.502012638267801,0.572781236790797,0.572781236790797,9.16363636363636
-0.489441546822863,1.7263312104615,-0.50299104313177,0.489441546822862,-1.7263312104615,0.502991043131771,0,0,9.21212121212121
-0.489441546822863,1.7263312104615,-0.50299104313177,0.489441546822862,-1.7263312104615,0.502991043131771,0.572781236790823,0.572781236790823,9.26060606060606
-0.489441546822863,1.7263312104615,-0.50299104313177,0.489441546822863,-1.7263312104615,0.502991043131771,2.24388525753106,2.24388525753106,9.30909090909091
-0.489441546822863,1.7263312104615,-0.50299104313177,0.489441546822862,-1.7263312104615,0.502991043131771,4.94245252777235,4.94245252777235,9.35757575757576
-0.489441546822863,1.7263312104615,-0.50299104313177,0.489441546822862,-1.7263312104615,0.502991043131771,8.59762351306637,8.59762351306637,9.40606060606061
-0.489441546822863,1.7263312104615,-0.50299104313177,0.489441546822862,-1.7263312104615,0.502991043131771,13.1385386789647,13.1385386789647,9.45454545454546
-0.489441546822863,1.7263312104615,-0.50299104313177,0.489441546822862,-1.7263312104615,0.502991043131771,18.4943384910191,18.4943384910191,9.5030303030303
-0.489441546822863,1.7263312104615,-0.50299104313177,0.489441546822863,-1.7263312104615,0.502991043131771,24.5941634147812,24.5941634147812,9.55151515151515
-0.489441546822863,1.7263312104615,-0.50299104313177,0.489441546822862,-1.7263312104615,0.502991043131771,31.3671539158026,31.3671539158026,9.6
-0.489441546822863,1.7263312104615,-0.50299104313177,0.489441546822862,-1.7263312104615,0.502991043131771,38.7424504596349,38.7424504596349,9.64848484848485
-0.489441546822863,1.7263312104615,-0.50299104313177,0.489441546822862,-1.7263312104615,0.502991043131771,46.6491935118299,46.6491935118299,9.6969696969697
-0.489441546822863,1.7263312104615,-0.50299104313177,0.489441546822863,-1.7263312104615,0.502991043131771,55.0165235379391,55.0165235379391,9.74545454545455
-0.489441546822863,1.7263312104615,-0.50299104313177,0.489441546822862,-1.7263312104615,0.502991043131771,63.7735810035143,63.7735810035143,9.79393939393939
-0.489441546822863,1.7263312104615,-0.50299104313177,0.489441546822862,-1.7263312104615,0.502991043131771,72.849506374107,72.849506374107,9.84242424242424
-0.489441546822863,1.7263312104615,-0.50299104313177,0.489441546822863,-1.7263312104615,0.502991043131771,82.173440115269,82.173440115269,9.89090909090909
-0.489441546822863,1.7263312104615,-0.50299104313177,0.489441546822862,-1.7263312104615,0.502991043131771,91.6745226925518,91.6745226925518,9.93939393939394
-0.489441546822863,1.7263312104615,-0.50299104313177,0.489441546822862,-1.7263312104615,0.502991043131771,101.281894571507,101.281894571507,9.98787878787879
-0.489441546822863,1.72633121046151,-0.50299104313177,0.489441546822863,-1.72633121046151,0.502991043131771,110.924696217687,110.924696217687,10.0363636363636
-0.489441546822863,1.7263312104615,-0.50299104313177,0.489441546822862,-1.7263312104615,0.502991043131771,120.532068096642,120.532068096642,10.0848484848485
-0.489441546822863,1.7263312104615,-0.50299104313177,0.489441546822863,-1.7263312104615,0.502991043131771,130.033150673925,130.033150673925,10.1333333333333
-0.489441546822863,1.7263312104615,-0.50299104313177,0.489441546822862,-1.7263312104615,0.502991043131771,139.357084415087,139.357084415087,10.1818181818182
-0.489441546822863,1.7263312104615,-0.50299104313177,0.489441546822863,-1.7263312104615,0.502991043131771,148.433009785679,148.433009785679,10.230303030303
-0.489441546822863,1.7263312104615,-0.50299104313177,0.489441546822862,-1.7263312104615,0.502991043131771,157.190067251255,157.190067251255,10.2787878787879
-0.489441546822863,1.7263312104615,-0.50299104313177,0.489441546822862,-1.7263312104615,0.502991043131771,165.557397277364,165.557397277364,10.3272727272727
-0.489441546822863,1.7263312104615,-0.50299104313177,0.489441546822862,-1.7263312104615,0.502991043131771,173.464140329559,173.464140329559,10.3757575757576
-0.489441546822863,1.7263312104615,-0.50299104313177,0.489441546822863,-1.7263312104615,0.502991043131771,180.839436873391,180.839436873391,10.4242424242424
-0.489441546822863,1.7263312104615,-0.50299104313177,0.489441546822862,-1.7263312104615,0.502991043131771,187.612427374413,187.612427374413,10.4727272727273
-0.489441546822863,1.7263312104615,-0.50299104313177,0.489441546822863,-1.7263312104615,0.502991043131771,193.712252298175,193.712252298175,10.5212121212121
-0.489441546822863,1.7263312104615,-0.50299104313177,0.489441546822863,-1.7263312104615,0.502991043131771,199.068052110229,199.068052110229,10.569696969697
-0.489441546822863,1.7263312104615,-0.50299104313177,0.489441546822863,-1.7263312104615,0.502991043131771,203.608967276127,203.608967276127,10.6181818181818
-0.489441546822863,1.7263312104615,-0.50299104313177,0.489441546822862,-1.7263312104615,0.502991043131771,207.264138261421,207.264138261421,10.6666666666667
-0.489441546822863,1.7263312104615,-0.50299104313177,0.489441546822863,-1.7263312104615,0.502991043131771,209.962705531663,209.962705531663,10.7151515151515
-0.489441546822863,1.7263312104615,-0.50299104313177,0.489441546822862,-1.7263312104615,0.502991043131771,211.633809552403,211.633809552403,10.7636363636364
-0.489441546822863,1.7263312104615,-0.50299104313177,0.489441546822862,-1.7263312104615,0.502991043131771,212.206590789194,212.206590789194,10.8121212121212
