-0.488915260378351,1.7258637653458,-0.411154664782309,0.48943224596836,-1.72622745942088,1.81875875000337,211.633809552403,211.633809552403,0.0484848484848485
-0.485613759387655,1.7229277799271,-0.408959183021143,0.4893739450121,-1.72557632193157,1.81846974490865,209.962705531663,209.962705531663,0.096969696969697
-0.477765578216476,1.71592363835992,-0.403762198206135,0.489235669337761,-1.72402654166548,1.81777900851025,207.264138261421,207.264138261421,0.145454545454545
-0.464589323753823,1.70408669163801,-0.395107904218809,0.489004527243824,-1.72141891600025,1.81660760899882,203.608967276127,203.608967276127,0.193939393939394
-0.4461475997724,1.68735917371309,-0.383148494795892,0.488683169583435,-1.71775856967421,1.81494367924646,199.068052110229,199.068052110229,0.242424242424242
-0.423162746034628,1.66625717974562,-0.36850259842073,0.488286206083739,-1.71318227585126,1.81283066204905,193.712252298175,193.712252298175,0.290909090909091
-0.396813201754762,1.64173508930191,-0.352083498583421,0.487836010133169,-1.70792238299584,1.81035624266894,187.612427374413,187.612427374413,0.339393939393939
-0.368539070438912,1.61505171865554,-0.334928085826733,0.487358649728348,-1.7022703058652,1.80764149629702,180.839436873391,180.839436873391,0.387878787878788
-0.339878676621563,1.58764199688412,-0.318053309702202,0.486880592139183,-1.69654250116111,1.80482978972776,173.464140329559,173.464140329559,0.436363636363636
-0.312342080294985,1.56099518699319,-0.302353823882236,0.486426461219112,-1.69105078428998,1.80207504704219,165.557397277364,165.557397277364,0.484848484848485
-0.287312261717736,1.53653711018574,-0.28854101293709,0.486017690552586,-1.68607740017566,1.79952906625201,157.190067251255,157.190067251255,0.533333333333333
-0.265956594884126,1.51551164543296,-0.27711450742542,0.48567161627922,-1.68185402927878,1.79732771671787,148.43300978568,148.43300978568,0.581818181818182
-0.249132045528975,1.49885735953386,-0.268352922096318,0.485400499040259,-1.67854316611068,1.79557611238227,139.357084415087,139.357084415087,0.63030303030303
-0.237274982768481,1.48707812955858,-0.262308842590361,0.485210137689306,-1.67622001128713,1.79433319525888,130.033150673925,130.033150673925,0.678787878787879
-0.230275892051264,1.48011017430822,-0.258792690552404,0.485098013986419,-1.67485303708712,1.79359642673894,120.532068096642,120.532068096642,0.727272727272727
-0.227345500721899,1.4771897676143,-0.257332039939545,0.485051119479041,-1.67428172645173,1.79328730227406,110.924696217687,110.924696217687,0.775757575757576
-0.226879128649943,1.47672482409679,-0.257100206383636,0.485043658802575,-1.67419085909565,1.79323807027515,101.281894571507,101.281894571507,0.824242424242424
-0.225463576948448,1.47849598056985,-0.257703082406707,0.484982389793802,-1.67435595740747,1.79333545035488,91.6745226925518,91.6745226925518,0.872727272727273
-0.216717257892292,1.48948014665573,-0.261382701313885,0.484602890327409,-1.67538479195841,1.79393787217216,82.1734401152689,82.1734401152689,0.921212121212121
-0.196558324747377,1.51504685169626,-0.269557369585418,0.483722590262035,-1.67780980704598,1.79532859465042,72.849506374107,72.849506374107,0.96969696969697
-0.164269405349925,1.55661562241265,-0.28171021022646,0.482299486030317,-1.68182662630331,1.79754659279119,63.7735810035143,63.7735810035143,1.01818181818182
-0.121562397802214,1.61240054761643,-0.295862283279699,0.480402539140065,-1.68730933954286,1.80041187143432,55.0165235379392,55.0165235379392,1.06666666666667
-0.0711471901433897,1.67861738588929,-0.309504500509323,0.478162505337333,-1.69384583371291,1.80359266983773,46.6491935118299,46.6491935118299,1.11515151515152
-0.0155772933131556,1.7507171972352,-0.320416059403166,0.475723738651923,-1.70082086354222,1.80669959892696,38.742450459635,38.742450459635,1.16363636363636
0.0431745517489322,1.82421409827722,-0.327061136506019,0.473215966195111,-1.70752964130779,1.80937425843298,31.3671539158026,31.3671539158026,1.21212121212121
0.103482541293724,1.89500329818804,-0.32867799720411,0.47075024580452,-1.71329132037839,1.81135320177459,24.5941634147812,24.5941634147812,1.26060606060606
0.163474806707389,1.95939592884498,-0.325316549227877,0.468430159355391,-1.71756477903953,1.81251280212658,18.4943384910191,18.4943384910191,1.30909090909091
0.22041351998607,2.01420658375909,-0.317941039518443,0.46636371568376,-1.72008744608529,1.81290157335716,13.1385386789647,13.1385386789647,1.35757575757576
0.270466370679057,2.05708525702385,-0.308460463416114,0.464661595954693,-1.72100687189346,1.8127387440499,8.59762351306639,8.59762351306639,1.40606060606061
0.309360095758513,2.0869834424733,-0.299376528775131,0.463414418577935,-1.72087995514669,1.81234121616322,4.94245252777237,4.94245252777237,1.45454545454545
0.334074460847558,2.10445872345239,-0.292899759452807,0.462656468620606,-1.72042437672396,1.81198888937685,2.24388525753102,2.24388525753102,1.5030303030303
0.344895505548203,2.11174520352273,-0.289903147852133,0.462333069153243,-1.72013525443297,1.81181439970473,0.572781236790797,0.572781236790797,1.55151515151515
0.346652278802438,2.11290742747163,-0.289407732660819,0.462281052276277,-1.72008323864154,1.81178503656438,0,0,1.6
0.346641411660072,2.11290617590149,-0.289414193513484,0.462270152727205,-1.72008223349229,1.81178146994374,0.572781236790823,0.572781236790823,1.64848484848485
0.346566685544765,2.11289756499566,-0.289458618764754,0.462195200913738,-1.72007531961184,1.81175694462602,2.24388525753106,2.24388525753106,1.6969696969697
0.346367971685259,2.11287462677544,-0.289576740911168,0.461995862578503,-1.72005691586321,1.81169172586687,4.94245252777235,4.94245252777235,1.74545454545455
0.345989313422882,2.11283075655246,-0.289801768511739,0.461615916546287,-1.72002177362257,1.81156744730223,8.59762351306637,8.59762351306637,1.79393939393939
0.345379085582826,2.1127596142709,-0.290164247887638,0.461003343144414,-1.7199649383264,1.81136716245973,13.1385386789647,13.1385386789647,1.84242424242424
0.344490188855058,2.11265500420202,-0.2906918941325,0.460110431884674,-1.71988170281453,1.81107540786778,18.4943384910191,18.4943384910191,1.89090909090909
0.343280262514767,2.11251074333937,-0.291409405556124,0.45889389898009,-1.7197675567621,1.81067827269008,24.5941634147812,24.5941634147812,1.93939393939394
0.341711899350139,2.11232052852044,-0.292338275127671,0.457315005526625,-1.71961813643741,1.81016347007416,31.3671539158026,31.3671539158026,1.98787878787879
0.339752847484443,2.11207781180243,-0.293496611732318,0.455339667623247,-1.71942917886174,1.80952040571393,38.7424504596349,38.7424504596349,2.03636363636364
0.337376184980533,2.11177569288354,-0.29489898303695,0.452938550399385,-1.71919648414594,1.80874023950673,46.6491935118299,46.6491935118299,2.08484848484848
0.334560454750561,2.11140683635255,-0.296556290439251,0.450087138899265,-1.71891588931695,1.80781593664309,55.0165235379391,55.0165235379391,2.13333333333333
0.331289749360314,2.11096342026993,-0.298475684950109,0.44676578003418,-1.71858325632621,1.80674230500259,63.7735810035143,63.7735810035143,2.18181818181818
0.327553737762967,2.1104371210625,-0.300660530966609,0.442959691317545,-1.71819447617182,1.80551601632991,72.849506374107,72.849506374107,2.23030303030303
0.323347628722247,2.1098191380124,-0.303110422798468,0.438658933773113,-1.71774549020219,1.8041356093144,82.173440115269,82.173440115269,2.27878787878788
0.318672068556623,2.10910025881942,-0.305821256604717,0.433858348160541,-1.71723232875264,1.80260147336708,91.6745226925518,91.6745226925518,2.32727272727273
0.313532973701963,2.1082709659081,-0.308785358183705,0.428557455389138,-1.71665116635224,1.800915812554,101.281894571507,101.281894571507,2.37575757575758
0.307941301296096,2.10732158143293,-0.311991664944019,0.422760323585011,-1.71599839188542,1.79908258977528,110.924696217687,110.924696217687,2.42424242424242
0.301912763395822,2.1062424473943,-0.315425958463827,0.416475405646356,-1.71527069135143,1.79710745185001,120.532068096642,120.532068096642,2.47272727272727
0.295467492434831,2.1050241359865,-0.319071142400269,0.40971535219611,-1.71446514027691,1.79499763665975,130.033150673925,130.033150673925,2.52121212121212
0.288629667047118,2.10365768430693,-0.322907559193391,0.402496805578858,-1.71357930242875,1.7927618639058,139.357084415087,139.357084415087,2.56969696969697
0.281427108383329,2.10213484688691,-0.326913338048072,0.394840180938689,-1.71261133125736,1.79041021134511,148.433009785679,148.433009785679,2.61818181818182
0.273890857544675,2.10044835916168,-0.331064766073979,0.386769440474331,-1.71156007047163,1.78795397859131,157.190067251255,157.190067251255,2.66666666666667
0.266054744791321,2.09859220495913,-0.335336674196561,0.378311866738396,-1.71042515028969,1.78540554071067,165.557397277364,165.557397277364,2.71515151515152
0.257954960813605,2.09656188131896,-0.339702829483875,0.369497840386277,-1.70920707619903,1.78277819392454,173.464140329559,173.464140329559,2.76363636363636
0.249629639663832,2.09435465440959,-0.344136325815863,0.360360627152863,-1.70790730746608,1.78008599576584,180.839436873391,180.839436873391,2.81212121212121
0.241118462016491,2.09196980093861,-0.348609965301273,0.350936178108208,-1.70652832312555,1.7773436020447,187.612427374413,187.612427374413,2.86060606060606
0.232462286336071,2.08940883020244,-0.353096623469218,0.341262946478025,-1.70507367372384,1.77456610297355,193.712252298175,193.712252298175,2.90909090909091
0.223702814356333,2.0866756827431,-0.357569591977101,0.33138172356337,-1.70354801766045,1.77176886079657,199.068052110229,199.068052110229,2.95757575757576
0.214882296074602,2.08377690243267,-0.362002893339166,0.321335495596644,-1.70195714154314,1.7689673512719,203.608967276127,203.608967276127,3.00606060606061
0.206043278289261,2.08072177965025,-0.36637156295086,0.311169322756606,-1.70030796452895,1.76617701137369,207.264138261421,207.264138261421,3.05454545454545
0.197228399597695,2.07752246402197,-0.370651894429689,0.30093024105081,-1.69860852714934,1.76341309561666,209.962705531663,209.962705531663,3.1030303030303
0.188480233755931,2.07419404593619,-0.374821644984098,0.290667187368075,-1.6968679656045,1.76069054346021,211.633809552403,211.633809552403,3.15151515151515
0.179841182404119,2.07075460670231,-0.378860198132831,0.280430947707465,-1.69509647295199,1.75802386031993,212.206590789194,212.206590789194,3.2
0.171345566780417,2.06722190367576,-0.382752240949552,0.270264687633118,-1.69330356902543,1.75542462411664,212.206590789194,212.206590789194,3.24848484848485
0.162996214948414,2.06360231564507,-0.38649784760155,0.260175065211336,-1.69149267157224,1.7528944620228,212.206590789194,212.206590789194,3.2969696969697
0.154788276463394,2.05989901110542,-0.390100664225937,0.250159574680341,-1.68966552668415,1.75043258891249,212.206590789194,212.206590789194,3.34545454545455
0.146717098332506,2.05611502834237,-0.393564193324528,0.240215838408882,-1.68782380810776,1.74803825023337,212.206590789194,212.206590789194,3.39393939393939
0.138778212373023,2.05225328326915,-0.396891802059572,0.230341597537213,-1.68596912207621,1.74571071946697,212.206590789194,212.206590789194,3.44242424242424
0.130967323709929,2.04831657659774,-0.400086729818773,0.220534703497342,-1.68410301170616,1.74344929583086,212.206590789194,212.206590789194,3.49090909090909
0.123280300283693,2.04430760041727,-0.403152095132942,0.210793110314988,-1.68222696100787,1.74125330219597,212.206590789194,212.206590789194,3.53939393939394
0.115713163255998,2.04022894424397,-0.406090902018726,0.201114867608144,-1.68034239855031,1.73912208319544,212.206590789194,212.206590789194,3.58787878787879
0.10826207821561,2.03608310059843,-0.408906045809432,0.191498114207795,-1.67845070081791,1.73705500350456,212.206590789194,212.206590789194,3.63636363636364
0.100923347098921,2.03187247015921,-0.411600318528966,0.181941072335522,-1.67655319529073,1.73505144627353,212.206590789194,212.206590789194,3.68484848484849
0.0936934007503275,2.02759936653565,-0.414176413857008,0.172442042280566,-1.67465116327641,1.73311081169726,212.206590789194,212.206590789194,3.73333333333333
0.0865687920567388,2.02326602069767,-0.416636931727581,0.162999397525775,-1.6727458425185,1.73123251570798,212.206590789194,212.206590789194,3.78181818181818
0.0795461895984236,2.01887458509577,-0.418984382598091,0.153611580277701,-1.67083842960308,1.72941598877838,212.206590789194,212.206590789194,3.83030303030303
0.0726223717652255,2.01442713750061,-0.421221191421417,0.144277097361273,-1.66893008218303,1.727660674824,212.206590789194,212.206590789194,3.87878787878788
0.0657942212931358,2.00992568458828,-0.423349701349841,0.134994516443889,-1.66702192103701,1.72596603019531,212.206590789194,212.206590789194,3.92727272727273
0.0590587201813488,2.0053721652941,-0.425372177196229,0.125762462557671,-1.66511503197841,1.72433152275052,212.206590789194,212.206590789194,3.97575757575758
0.0524129449544566,2.00076845395571,-0.427290808674971,0.116579614892031,-1.66321046762789,1.72275663100149,212.206590789194,212.206590789194,4.02424242424242
0.0458540622383428,1.99611636326351,-0.429107713442646,0.107444703831672,-1.66130924906146,1.72124084332569,212.206590789194,212.206590789194,4.07272727272727
0.0393793246218034,1.99141764703492,-0.430824939956167,0.0983565082177493,-1.65941236734506,1.7197836572381,212.206590789194,212.206590789194,4.12121212121212
0.0329860667789188,1.98667400282689,-0.432444470164202,0.089313852812265,-1.65752078496519,1.7183845787173,212.206590789194,212.206590789194,4.16969696969697
0.0267696396720449,1.98166921968483,-0.435271350577402,0.0802136727746013,-1.65540567525799,1.71702351853606,212.206590789194,212.206590789194,4.21818181818182
0.0211563818484436,1.9754547268162,-0.44504877147161,0.0706131865696408,-1.6520722769099,1.71562515209562,212.206590789194,212.206590789194,4.26666666666667
0.016504146609132,1.96724123624542,-0.466836837190084,0.0601437859067741,-1.64667781427383,1.71412454411863,212.206590789194,212.206590789194,4.31515151515152
0.0129906533112494,1.95664116135151,-0.503815728742474,0.0486081554846326,-1.63871952233843,1.71242284834304,212.206590789194,212.206590789194,4.36363636363636
0.0106201462178781,1.94364859675392,-0.557569823136158,0.0359593832198469,-1.62796836652527,1.71033735949569,212.206590789194,212.206590789194,4.41212121212121
0.00924068304526908,1.92859869333458,-0.628315474142087,0.0222822230769828,-1.61443109137295,1.70759450774716,212.206590789194,212.206590789194,4.46060606060606
0.00857485344045196,1.91209989542458,-0.71507179811006,0.00777461637235423,-1.59833514323274,1.70386813084714,212.206590789194,212.206590789194,4.50909090909091
0.00826429365093922,1.89493690009953,-0.815792357588407,-0.00727442198316373,-1.58011985149413,1.69885226287618,212.206590789194,212.206590789194,4.55757575757576
0.00792459708502793,1.87795055819659,-0.927487761380849,-0.0225145906067396,-1.56041533909019,1.69234842705882,212.206590789194,212.206590789194,4.60606060606061
0.00720276217309978,1.86191164740597,-1.04637313135824,-0.0375735223942185,-1.53999730766186,1.68434255116148,212.206590789194,212.206590789194,4.65454545454545
0.00582656624119246,1.84741231452635,-1.16806789231581,-0.0521029963720706,-1.51971679588713,1.67504816944685,212.206590789194,212.206590789194,4.7030303030303
0.00363610308216465,1.83479714775903,-1.28785937984402,-0.0658248623716878,-1.5004143290115,1.66490150201599,212.206590789194,212.206590789194,4.75151515151515
0.000592030576963749,1.82414581930747,-1.40102207223516,-0.0785660741217109,-1.48283427711376,1.65450792675636,212.206590789194,212.206590789194,4.8
-0.00323906273951793,1.81530594642006,-1.50316897068263,-0.0902728115889929,-1.4675562234008,1.64455295211008,212.206590789194,212.206590789194,4.84848484848485
-0.00771655676829116,1.80796348200687,-1.59060671288301,-0.100999164843334,-1.45495530480589,1.63569868922439,212.206590789194,212.206590789194,4.8969696969697
-0.0126661130867105,1.80173120084478,-1.66067193476325,-0.110874460746665,-1.44519369413714,1.62848655397807,212.206590789194,212.206590789194,4.94545454545455
-0.017918545049861,1.79623385937903,-1.71203858728833,-0.120061120201536,-1.43823367179529,1.62326000233861,212.206590789194,212.206590789194,4.99393939393939
-0.0233383530865172,1.79117069199112,-1.74499770315424,-0.128718312682999,-1.43385403872897,1.62011186813522,212.206590789194,212.206590789194,5.04242424242424
-0.0288357177541849,1.78634165352,-1.76171747103318,-0.136984295692747,-1.43165064144404,1.61885396553948,212.206590789194,212.206590789194,5.09090909090909
-0.0343601204718281,1.78163332101865,-1.76649159205339,-0.144983102859799,-1.4310101091892,1.61900395257032,212.206590789194,212.206590789194,5.13939393939394
-0.039882323041212,1.77698109447281,-1.76590560128797,-0.152846921949886,-1.43106731145597,1.61971148054652,212.206590789194,212.206590789194,5.18787878787879
-0.0454669199416508,1.77260901702227,-1.76536191225465,-0.160571778090151,-1.43099779084573,1.61689646936453,212.206590789194,212.206590789194,5.23636363636364
-0.0512638081759266,1.76903733670785,-1.76610427747204,-0.16795955462016,-1.43038135276926,1.60364478769802,212.206590789194,212.206590789194,5.28484848484849
-0.0573457642019789,1.76668514766808,-1.76873857004129,-0.174793218860176,-1.42898348285976,1.57510000285878,212.206590789194,212.206590789194,5.33333333333333
-0.0636894353308993,1.76591698564583,-1.77357791132897,-0.180780803556365,-1.42676434331653,1.52856649288116,212.206590789194,212.206590789194,5.38181818181818
-0.07017963541808,1.76708491633886,-1.78066464031556,-0.18552566793072,-1.42389346544703,1.46325336583466,212.206590789194,212.206590789194,5.43030303030303
-0.0766292280354714,1.77051358003088,-1.78979020570978,-0.188561421476644,-1.42073167926257,1.38002429523587,212.206590789194,212.206590789194,5.47878787878788
-0.0828123789036229,1.77643354886404,-1.80051867319566,-0.189445603605661,-1.41777655506356,1.28114611257847,212.206590789194,212.206590789194,5.52727272727273
-0.088506075053673,1.78488798266588,-1.81222517066198,-0.187885977866631,-1.41557485820856,1.17002096731105,212.206590789194,212.206590789194,5.57575757575758
-0.0935334127059583,1.79565029859083,-1.82416099035157,-0.18385934803052,-1.41461446904743,1.05088542322966,212.206590789194,212.206590789194,5.62424242424242
-0.0978015070596952,1.80819092104906,-1.83554915118321,-0.177680452353489,-1.41521781907654,0.928469813298824,212.206590789194,212.206590789194,5.67272727272727
-0.101326822606977,1.82171571819719,-1.84569931906186,-0.169992566095849,-1.41746429385613,0.807631333264574,212.206590789194,212.206590789194,5.72121212121212
-0.104241612506439,1.83527161985484,-1.8541158160378,-0.161679034407346,-1.42116484424621,0.692994805808052,212.206590789194,212.206590789194,5.76969696969697
-0.106777689287349,1.8478885404596,-1.86056646157276,-0.153723388941099,-1.42589722806677,0.588641647829764,212.206590789194,212.206590789194,5.81818181818182
-0.109228389014833,1.85871499308452,-1.86508907873792,-0.14706003172785,-1.43109106284547,0.497873090622511,212.206590789194,212.206590789194,5.86666666666667
-0.111895541305439,1.86711369300317,-1.86793392373363,-0.142451539891576,-1.43613817768482,0.423045156275321,212.206590789194,212.206590789194,5.91515151515152
-0.115033095709385,1.87270699260867,-1.86946376602901,-0.140408836471322,-1.44050177752323,0.365446359669155,212.206590789194,212.206590789194,5.96363636363636
-0.118800136122972,1.87538654619104,-1.87004784984808,-0.14114942386567,-1.44380569739947,0.325177057775984,212.206590789194,212.206590789194,6.01212121212121
-0.123232671857868,1.87531488664857,-1.86998639264825,-0.144576542332583,-1.4458953628632,0.300993453660722,212.206590789194,212.206590789194,6.06060606060606
-0.128237580451129,1.87294401764277,-1.86949032219986,-0.150261466683391,-1.44686924033474,0.290093723966153,212.206590789194,212.206590789194,6.10909090909091
-0.133605563329845,1.86906138610804,-1.86872084387175,-0.15741888342203,-1.44708362134112,0.287843369132021,212.206590789194,212.206590789194,6.15757575757576
-0.139060001570115,1.86474177523054,-1.86784820444567,-0.164984664991727,-1.44708246371193,0.28809701759858,212.206590789194,212.206590789194,6.20606060606061
-0.14449395518724,1.8604227898314,-1.8669429299676,-0.172530253186823,-1.44708955890411,0.288383939864725,212.206590789194,212.206590789194,6.25454545454545
-0.149907367119015,1.85610852864812,-1.86600610323314,-0.180052358653124,-1.44710701308746,0.288682060678003,212.206590789194,212.206590789194,6.3030303030303
-0.155301093732997,1.85179918821661,-1.86503814884635,-0.187551479681947,-1.44713493885553,0.288991187941574,212.206590789194,212.206590789194,6.35151515151515
-0.160675971859184,1.84749496019106,-1.86403947806837,-0.19502810230115,-1.44717344485531,0.289311130025135,212.206590789194,212.206590789194,6.4
-0.166032819540096,1.84319603154937,-1.86301048927627,-0.202482700773942,-1.44722263589939,0.289641695743544,212.206590789194,212.206590789194,6.44848484848485
-0.171372436747902,1.8389025847898,-1.86195156840209,-0.209915738075598,-1.44728261307323,0.289982694336282,212.206590789194,212.206590789194,6.4969696969697
-0.176695606070457,1.83461479811966,-1.86086308935304,-0.217327666349381,-1.44735347383781,0.290333935447688,212.206590789194,212.206590789194,6.54545454545455
-0.182003093367899,1.83033284563619,-1.85974541441386,-0.224718927342847,-1.44743531212785,0.290695229107931,212.206590789194,212.206590789194,6.59393939393939
-0.187295648401428,1.82605689750022,-1.85859889463229,-0.232089952825697,-1.44752821844592,0.291066385714665,212.206590789194,212.206590789194,6.64242424242424
-0.192574005435731,1.8217871201028,-1.85742387018844,-0.239441164990178,-1.44763227995254,0.29144721601533,212.206590789194,212.206590789194,6.69090909090909
-0.197838883816476,1.81752367622529,-1.85622067074894,-0.24677297683507,-1.4477475805526,0.291837531090047,212.206590789194,212.206590789194,6.73939393939394
-0.203090988524163,1.81326672519315,-1.85498961580656,-0.254085792534134,-1.44787420097821,0.292237142335082,212.206590789194,212.206590789194,6.78787878787879
-0.208331010705581,1.80901642302382,-1.8537310150061,-0.261380007789912,-1.44801221886818,0.292645861446835,212.206590789194,212.206590789194,6.83636363636364
-0.213559628184026,1.80477292256885,-1.85244516845712,-0.268656010173688,-1.44816170884431,0.293063500406316,212.206590789194,212.206590789194,6.88484848484848
-0.218777505949365,1.80053637365077,-1.85113236703424,-0.275914179452346,-1.44832274258461,0.293489871464078,212.206590789194,212.206590789194,6.93333333333333
-0.22398529662899,1.79630692319467,-1.84979289266554,-0.283154887902875,-1.44849538889371,0.293924787125575,212.206590789194,212.206590789194,6.98181818181818
-0.22918364094061,1.79208471535508,-1.84842701860967,-0.29037850061516,-1.4486797137704,0.294368060136911,212.206590789194,212.206590789194,7.03030303030303
-0.234373168127807,1.78786989163803,-1.84703500972214,-0.297585375783709,-1.44887578047267,0.294819503470952,212.206590789194,212.206590789194,7.07878787878788
-0.239554496379215,1.78366259101885,-1.84561712271141,-0.3047758649889,-1.44908364958018,0.295278930313777,212.206590789194,212.206590789194,7.12727272727273
-0.244728233232133,1.77946295005562,-1.84417360638505,-0.311950313468318,-1.44930337905443,0.295746154051426,212.206590789194,212.206590789194,7.17575757575758
-0.249894975961348,1.77527110299869,-1.84270470188669,-0.319109060378692,-1.44953502429656,0.296220988256937,212.206590789194,212.206590789194,7.22424242424242
-0.255055311953878,1.77108718189639,-1.84121064292393,-0.326252439048957,-1.44977863820313,0.296703246677634,212.206590789194,212.206590789194,7.27272727272727
-0.260209819070349,1.76691131669701,-1.83969165598776,-0.333380777224873,-1.45003427121975,0.297192743222635,212.206590789194,212.206590789194,7.32121212121212
-0.265359065993627,1.7627436353474,-1.83814796056383,-0.340494397305689,-1.45030197139277,0.29768929195058,212.206590789194,212.206590789194,7.36969696969697
-0.270503612565351,1.75858426388824,-1.8365797693359,-0.347593616573226,-1.4505817844191,0.298192707057524,212.206590789194,212.206590789194,7.41818181818182
-0.275644010110933,1.75443332654612,-1.8349872883819,-0.354678747413815,-1.45087375369426,0.298702802864993,212.206590789194,212.206590789194,7.46666666666667
-0.280780801753583,1.75029094582265,-1.83337071736281,-0.361750097533444,-1.45117792035867,0.299219393808175,212.206590789194,212.206590789194,7.51515151515152
-0.285914522717892,1.74615724258072,-1.8317302497047,-0.368807970166472,-1.45149432334239,0.299742294424218,212.206590789194,212.206590789194,7.56363636363636
-0.29104570062347,1.74203233612801,-1.8300660727743,-0.375852664278254,-1.45182299940818,0.300271319340618,212.206590789194,212.206590789194,7.61212121212121
-0.296174855769115,1.73791634429788,-1.82837836804828,-0.382884474761997,-1.45216398319317,0.300806283263675,212.206590789194,212.206590789194,7.66060606060606
-0.301302501407971,1.73380938352784,-1.82666731127654,-0.38990369263015,-1.45251730724904,0.301347000966992,212.206590789194,212.206590789194,7.70909090909091
-0.306429144014092,1.7297115689356,-1.82493307263974,-0.396910605200612,-1.45288300208083,0.301893287280004,212.206590789194,212.206590789194,7.75757575757576
-0.311555283540841,1.72562301439291,-1.82317581690136,-0.403905496278047,-1.45326109618447,0.302444957076499,212.206590789194,212.206590789194,7.80606060606061
-0.316681413671511,1.72154383259724,-1.82139570355442,-0.410888646330559,-1.45365161608297,0.303001825263134,212.206590789194,212.206590789194,7.85454545454545
-0.321808022062527,1.71747413514144,-1.81959288696321,-0.417860332661977,-1.4540545863615,0.303563706767901,212.206590789194,212.206590789194,7.9030303030303
-0.326935590579615,1.71341403258141,-1.81776751650003,-0.424820829580001,-1.45447002970122,0.304130416528542,212.206590789194,212.206590789194,7.95151515151515
-0.332064595527247,1.70936363450202,-1.81591973667742,-0.431770408560414,-1.45489796691205,0.304701769480875,212.206590789194,212.206590789194,8
-0.33719550787172,1.70532304958113,-1.81404968727573,-0.438709338407618,-1.45533841696432,0.305277580547028,212.206590789194,212.206590789194,8.04848484848485
-0.342328793458154,1.70129238565213,-1.81215750346651,-0.445637885411653,-1.45579139701941,0.305857664623542,212.206590789194,212.206590789194,8.0969696969697
-0.347464913221737,1.69727174976467,-1.81024331593168,-0.452556313501948,-1.45625692245942,0.30644183656934,212.206590789194,212.206590789194,8.14545454545454
-0.352604323393476,1.6932612482441,-1.80830725097871,-0.459464884397967,-1.45673500691581,0.307029911193527,212.206590789194,212.206590789194,8.19393939393939
-0.357747475700757,1.68926098674932,-1.80634943065201,-0.466363857756941,-1.45722566229719,0.307621703243003,212.206590789194,212.206590789194,8.24242424242424
-0.362894817562955,1.68527107032937,-1.80436997284055,-0.47325349131888,-1.45772889881618,0.30821702738988,212.206590789194,212.206590789194,8.29090909090909
-0.368046792282381,1.68129160347871,-1.80236899138204,-0.480134041049012,-1.4582447250154,0.308815698218661,212.206590789194,212.206590789194,8.33939393939394
-0.373203839230774,1.67732269019125,-1.80034659616355,-0.487005761277842,-1.45877314779265,0.309417530213175,212.206590789194,212.206590789194,8.38787878787879
-0.379887024699628,1.6721443560192,-1.79766484848441,-0.495754168703948,-1.45896403554713,0.310099927659602,211.633809552403,211.633809552403,8.43636363636364
-0.385070694937124,1.6678337500174,-1.79538303973225,-0.501786739034394,-1.45631055284259,0.310075788078927,209.962705531663,209.962705531663,8.48484848484848
-0.390274166227762,1.6630365095221,-1.79278492219129,-0.506662651533323,-1.44922732064547,0.309169954605754,207.264138261421,207.264138261421,8.53333333333333
-0.395491616554403,1.65767261080323,-1.78980834825773,-0.510139084601669,-1.43688930880901,0.307188058834271,203.608967276127,203.608967276127,8.58181818181818
-0.400709429315692,1.65175310337709,-1.78643868182385,-0.51215013559484,-1.4192444804277,0.304060364220509,199.068052110229,199.068052110229,8.63030303030303
-0.405906755105583,1.64536224159301,-1.78270299405727,-0.512770435143057,-1.39686056145895,0.299819341165043,193.712252298175,193.712252298175,8.67878787878788
-0.411055917590266,1.63864041326651,-1.77866577940946,-0.512183438234298,-1.3707703433067,0.294587275711956,187.612427374413,187.612427374413,8.72727272727273
-0.416122836912835,1.63176744470315,-1.77442459605213,-0.510656419897626,-1.34232467790192,0.288570616651314,180.839436873391,180.839436873391,8.77575757575758
-0.421067716033856,1.62494596061742,-1.77010409314891,-0.508522041657961,-1.31305880649344,0.282056431490225,173.464140329559,173.464140329559,8.82424242424242
-0.425846291936754,1.61838465096553,-1.76584737283877,-0.506162755909833,-1.2845706304303,0.27540492239301,165.557397277364,165.557397277364,8.87272727272727
-0.430411970849781,1.61228143051783,-1.76180424322516,-0.503990901698799,-1.2584030293596,0.269030670498172,157.190067251255,157.190067251255,8.92121212121212
-0.434719095320505,1.60680657863601,-1.75811652149214,-0.502416126877876,-1.23591983205221,0.263365504353326,148.43300978568,148.43300978568,8.96969696969697
-0.438727384204983,1.60208603254351,-1.75490112179108,-0.501794557569208,-1.2181679738774,0.258799507813226,139.357084415087,139.357084415087,9.01818181818182
-0.442407252469666,1.59818502088857,-1.75223215297093,-0.502361365018418,-1.20572551479653,0.255604421898523,130.033150673925,130.033150673925,9.06666666666667
-0.445745372238368,1.59509211140774,-1.7501235121855,-0.504157471067238,-1.19854294917928,0.253853037324534,120.532068096642,120.532068096642,9.11515151515152
-0.448749694974146,1.59270357746082,-1.74851332316854,-0.506966251757578,-1.19578903289068,0.253352993388145,110.924696217687,110.924696217687,9.16363636363636
-0.451453417033265,1.59080791032161,-1.74725089328173,-0.510271416907251,-1.19570907522584,0.253607355316226,101.281894571507,101.281894571507,9.21212121212121
-0.453955758248525,1.58938042457765,-1.74630501750003,-0.510836049570175,-1.19704888216,0.253600724932233,91.6745226925518,91.6745226925518,9.26060606060606
-0.456482142400259,1.58937054308482,-1.74632716413888,-0.4976904014003,-1.20331172297766,0.251690706058036,82.1734401152689,82.1734401152689,9.30909090909091
-0.459179423445067,1.59161706520766,-1.74786532380908,-0.463125643348655,-1.21777692380715,0.247289387264404,72.849506374107,72.849506374107,9.35757575757576
-0.462078459649993,1.5966299791466,-1.75116894137373,-0.405266301482436,-1.24228593668961,0.241484950426863,63.7735810035143,63.7735810035143,9.40606060606061
-0.465125171845821,1.6046243026519,-1.75622153666904,-0.326769392026382,-1.27743454036623,0.236728054278339,55.0165235379392,55.0165235379392,9.45454545454546
-0.468226058687714,1.61549755152135,-1.7627793827742,-0.232752300309617,-1.32260692155758,0.235929933260787,46.6491935118299,46.6491935118299,9.5030303030303
-0.471289992202094,1.62883864015189,-1.77043802467069,-0.128839525872245,-1.37607686622429,0.241497504612531,38.742450459635,38.742450459635,9.55151515151515
-0.474248406373614,1.64398073637911,-1.7787097981764,-0.0201030567488143,-1.43522764828644,0.254725112674235,31.3671539158026,31.3671539158026,9.6
-0.477049986749042,1.66004996483864,-1.78708024309807,0.0889709842583597,-1.4967681994921,0.275548876184023,24.5941634147812,24.5941634147812,9.64848484848485
-0.479639614276701,1.67599251010018,-1.79503763807199,0.193887488068087,-1.5568902431347,0.302451676365605,18.4943384910191,18.4943384910191,9.6969696969697
-0.481937991064529,1.69063201958933,-1.80209885394624,0.289529958133742,-1.61150559430109,0.332457893446108,13.1385386789647,13.1385386789647,9.74545454545455
-0.483839996726224,1.70283194555717,-1.80785420101133,0.370167982122203,-1.65676647080292,0.361456746689085,8.59762351306639,8.59762351306639,9.79393939393939
-0.485243335113149,1.71176295155781,-1.81202971281408,0.430534425737428,-1.68987624685206,0.385158643456624,4.94245252777237,4.94245252777237,9.84242424242424
-0.48610002739691,1.71715853037933,-1.81455403240668,0.467845246777192,-1.70992006254585,0.400579427456688,2.24388525753102,2.24388525753102,9.89090909090909
-0.48646541361906,1.71944964454291,-1.81562981028615,0.483927287565224,-1.71844754698584,0.407394073045785,0.572781236790797,0.572781236790797,9.93939393939394
-0.48652393243194,1.71981760577448,-1.8158029202816,0.48652393243194,-1.71981760577448,0.408503331906881,0,0,9.98787878787879
-0.48652393243194,1.71981760577448,-1.8158029202816,0.48652393243194,-1.71981760577447,0.408503331906881,0.572781236790823,0.572781236790823,10.0363636363636
-0.48652393243194,1.71981760577448,-1.8158029202816,0.48652393243194,-1.71981760577448,0.408503331906881,2.24388525753106,2.24388525753106,10.0848484848485
-0.48652393243194,1.71981760577448,-1.8158029202816,0.486523932431941,-1.71981760577448,0.408503331906881,4.94245252777235,4.94245252777235,10.1333333333333
-0.48652393243194,1.71981760577447,-1.8158029202816,0.48652393243194,-1.71981760577447,0.408503331906881,8.59762351306637,8.59762351306637,10.1818181818182
-0.48652393243194,1.71981760577448,-1.8158029202816,0.48652393243194,-1.71981760577447,0.408503331906881,13.1385386789647,13.1385386789647,10.230303030303
-0.48652393243194,1.71981760577448,-1.8158029202816,0.48652393243194,-1.71981760577448,0.408503331906881,18.4943384910191,18.4943384910191,10.2787878787879
-0.48652393243194,1.71981760577448,-1.8158029202816,0.486523932431941,-1.71981760577448,0.408503331906881,24.5941634147812,24.5941634147812,10.3272727272727
-0.48652393243194,1.71981760577448,-1.8158029202816,0.48652393243194,-1.71981760577448,0.408503331906881,31.3671539158026,31.3671539158026,10.3757575757576
-0.48652393243194,1.71981760577447,-1.8158029202816,0.48652393243194,-1.71981760577447,0.408503331906881,38.7424504596349,38.7424504596349,10.4242424242424
-0.48652393243194,1.71981760577448,-1.8158029202816,0.48652393243194,-1.71981760577448,0.408503331906881,46.6491935118299,46.6491935118299,10.4727272727273
-0.48652393243194,1.71981760577447,-1.8158029202816,0.48652393243194,-1.71981760577447,0.408503331906881,55.0165235379391,55.0165235379391,10.5212121212121
-0.48652393243194,1.71981760577448,-1.8158029202816,0.48652393243194,-1.71981760577447,0.408503331906881,63.7735810035143,63.7735810035143,10.569696969697
-0.48652393243194,1.71981760577448,-1.8158029202816,0.48652393243194,-1.71981760577448,0.408503331906881,72.849506374107,72.849506374107,10.6181818181818
-0.48652393243194,1.71981760577448,-1.8158029202816,0.486523932431941,-1.71981760577447,0.408503331906881,82.173440115269,82.173440115269,10.6666666666667
-0.48652393243194,1.71981760577448,-1.8158029202816,0.48652393243194,-1.71981760577448,0.408503331906881,91.6745226925518,91.6745226925518,10.7151515151515
-0.48652393243194,1.71981760577448,-1.8158029202816,0.486523932431941,-1.71981760577448,0.408503331906881,101.281894571507,101.281894571507,10.7636363636364
-0.48652393243194,1.71981760577448,-1.8158029202816,0.48652393243194,-1.71981760577447,0.408503331906881,110.924696217687,110.924696217687,10.8121212121212
-0.486523932431941,1.71981760577448,-1.8158029202816,0.48652393243194,-1.71981760577448,0.408503331906881,120.532068096642,120.532068096642,10.8606060606061
-0.48652393243194,1.71981760577448,-1.8158029202816,0.48652393243194,-1.71981760577447,0.408503331906881,130.033150673925,130.033150673925,10.9090909090909
-0.48652393243194,1.71981760577448,-1.8158029202816,0.48652393243194,-1.71981760577448,0.408503331906881,139.357084415087,139.357084415087,10.9575757575758
-0.48652393243194,1.71981760577448,-1.8158029202816,0.48652393243194,-1.71981760577447,0.408503331906881,148.433009785679,148.433009785679,11.0060606060606
-0.48652393243194,1.71981760577447,-1.8158029202816,0.48652393243194,-1.71981760577447,0.408503331906881,157.190067251255,157.190067251255,11.0545454545455
-0.48652393243194,1.71981760577448,-1.8158029202816,0.48652393243194,-1.71981760577447,0.408503331906881,165.557397277364,165.557397277364,11.1030303030303
-0.48652393243194,1.71981760577448,-1.8158029202816,0.48652393243194,-1.71981760577448,0.408503331906881,173.464140329559,173.464140329559,11.1515151515152
-0.48652393243194,1.71981760577447,-1.8158029202816,0.48652393243194,-1.71981760577447,0.408503331906881,180.839436873391,180.839436873391,11.2
-0.48652393243194,1.71981760577448,-1.8158029202816,0.48652393243194,-1.71981760577448,0.408503331906881,187.612427374413,187.612427374413,11.2484848484848
-0.48652393243194,1.71981760577448,-1.8158029202816,0.48652393243194,-1.71981760577448,0.408503331906881,193.712252298175,193.712252298175,11.2969696969697
-0.48652393243194,1.71981760577448,-1.8158029202816,0.48652393243194,-1.71981760577448,0.408503331906881,199.068052110229,199.068052110229,11.3454545454545
-0.48652393243194,1.71981760577448,-1.8158029202816,0.48652393243194,-1.71981760577447,0.408503331906881,203.608967276127,203.608967276127,11.3939393939394
-0.48652393243194,1.71981760577448,-1.8158029202816,0.486523932431941,-1.71981760577448,0.408503331906881,207.264138261421,207.264138261421,11.4424242424242
-0.48652393243194,1.71981760577448,-1.8158029202816,0.48652393243194,-1.71981760577447,0.408503331906881,209.962705531663,209.962705531663,11.4909090909091
-0.48652393243194,1.71981760577448,-1.8158029202816,0.486523932431941,-1.71981760577448,0.408503331906881,211.633809552403,211.633809552403,11.5393939393939
-0.48652393243194,1.71981760577448,-1.8158029202816,0.48652393243194,-1.71981760577448,0.408503331906881,212.206590789194,212.206590789194,11.5878787878788
