0.488705787071015,-1.72543076263378,0.410979500774835,-0.489430652748736,1.72615299548946,-1.81872600302351,211.633809552403,211.633809552403,0.0484848484848485
0.484098190601003,-1.71978030153566,0.407695553916282,-0.489362713588381,1.7250351291151,-1.81823086564341,209.962705531663,209.962705531663,0.096969696969697
0.473199165562321,-1.70633584822541,0.39998210674963,-0.489203971089802,1.72237859078828,-1.81704522052008,207.264138261421,207.264138261421,0.145454545454545
0.455063423011594,-1.68372356311011,0.387322276461279,-0.488946051634805,1.71792127075927,-1.81502722635352,203.608967276127,203.608967276127,0.193939393939394
0.429994619324233,-1.65198579031912,0.370200836714848,-0.488602630316093,1.71168903909927,-1.81214467657952,199.068052110229,199.068052110229,0.242424242424242
0.399201269860641,-1.61227452764504,0.349810372023768,-0.488202038405168,1.70393305900848,-1.80845610411941,193.712252298175,193.712252298175,0.290909090909091
0.364412044444714,-1.56652287448474,0.327692465878172,-0.48777794052785,1.69505954150715,-1.80409487115741,187.612427374413,187.612427374413,0.339393939393939
0.327549029231543,-1.51713848840863,0.305414005659785,-0.487361159377316,1.68556186503039,-1.79925490385861,180.839436873391,180.839436873391,0.387878787878788
0.290515209699954,-1.46674930426118,0.284340734726504,-0.486974831189098,1.67596302362764,-1.79417662779393,173.464140329559,173.464140329559,0.436363636363636
0.255091009525739,-1.41800337852745,0.265516544851767,-0.48663334449178,1.66677105493238,-1.78913135478022,165.557397277364,165.557397277364,0.484848484848485
0.222891395098151,-1.37339934604421,0.24962433857407,-0.486344039693762,1.65844485285237,-1.78440189511302,157.190067251255,157.190067251255,0.533333333333333
0.195321643292087,-1.33511404535242,0.236999450337294,-0.48610994313637,1.65136499794837,-1.78025721213114,148.43300978568,148.43300978568,0.581818181818182
0.173482101129556,-1.30480191953008,0.227674985173155,-0.485931869291385,1.64580436056979,-1.77692020503324,139.357084415087,139.357084415087,0.63030303030303
0.158002452694613,-1.28336019360835,0.221441771354797,-0.485808870666181,1.64189517563816,-1.77453020928179,130.033150673925,130.033150673925,0.678787878787879
0.148823454170805,-1.27067280978771,0.217896666466106,-0.485736980996422,1.63959156070316,-1.77310450868818,120.532068096642,120.532068096642,0.727272727272727
0.144970203488571,-1.26535414089999,0.216442468977473,-0.485707003996226,1.63862797181867,-1.77250429724927,110.924696217687,110.924696217687,0.775757575757576
0.144356377565943,-1.26450731136514,0.216212683536497,-0.485702238837557,1.63847466581885,-1.77240859384137,101.281894571507,101.281894571507,0.824242424242424
0.14339783133759,-1.26549757427161,0.216591832966097,-0.48566222570411,1.63855096805667,-1.77246848471894,91.6745226925518,91.6745226925518,0.872727272727273
0.137450820959527,-1.27166143381528,0.21892646280812,-0.485413318200077,1.63902992567756,-1.77284219877286,82.1734401152689,82.1734401152689,0.921212121212121
0.123590599929622,-1.28615906806409,0.224247206837486,-0.484828892497749,1.6401832096117,-1.77372712204372,72.849506374107,72.849506374107,0.96969696969697
0.100990144980252,-1.31018040868572,0.232548605193473,-0.483863521204146,1.64217341974354,-1.77520947963791,63.7735810035143,63.7735810035143,1.01818181818182
0.0704998227109672,-1.34328337721519,0.242970947338477,-0.482538702853731,1.6450673796509,-1.77727807911218,55.0165235379392,55.0165235379392,1.06666666666667
0.0340016966233782,-1.38382732765355,0.254190667724741,-0.480923563629571,1.64882787851869,-1.77983739456024,46.6491935118299,46.6491935118299,1.11515151515152
-0.00622629202413061,-1.42942827010265,0.264851424883217,-0.479114630077602,1.65330496814428,-1.78272598212009,38.742450459635,38.742450459635,1.16363636363636
-0.0479248178886178,-1.47734618689431,0.273881631413474,-0.477219424643505,1.65824424131067,-1.78574228944544,31.3671539158026,31.3671539158026,1.21212121212121
-0.0889968462108643,-1.52476040051168,0.280652642813564,-0.475346090624843,1.66331556833628,-1.78867458015224,24.5941634147812,24.5941634147812,1.26060606060606
-0.127475559489973,-1.56895764346878,0.285012796719773,-0.473597761103184,1.66815708988196,-1.79133018772581,18.4943384910191,18.4943384910191,1.30909090909091
-0.161471983344614,-1.60750090904642,0.287240405384512,-0.472068137100364,1.67242781385221,-1.79356031242298,13.1385386789647,13.1385386789647,1.35757575757576
-0.18924713119185,-1.63844123782225,0.287927458177988,-0.47083464810507,1.6758609202962,-1.79527675801543,8.59762351306639,8.59762351306639,1.40606060606061
-0.209489031834639,-1.66059112920586,0.287792013638316,-0.46994740938924,1.6783070922696,-1.79645736449362,4.94245252777237,4.94245252777237,1.45454545454545
-0.221763902789794,-1.67383444252143,0.287451824122764,-0.469414897431421,1.67976038167119,-1.79714154684944,2.24388525753102,2.24388525753102,1.5030303030303
-0.226999310706808,-1.67943620806683,0.287248059857111,-0.469189138046787,1.68037230329945,-1.79742568724851,0.572781236790797,0.572781236790797,1.55151515151515
-0.227841424444337,-1.68033455480758,0.287212027589822,-0.469152903454713,1.68047026092703,-1.79747095296965,0,0,1.6
-0.227835488525397,-1.68033395816536,0.287213008923355,-0.469147512564129,1.68047252224636,-1.7974713343799,0.572781236790823,0.572781236790823,1.64848484848485
-0.227794668612685,-1.68032985486876,0.287219757143394,-0.469110440553062,1.68048807265645,-1.79747395690878,2.24388525753106,2.24388525753106,1.6969696969697
-0.227686097503541,-1.6803189382953,0.28723770425822,-0.469011836855212,1.68052943172577,-1.79748092931835,4.94245252777235,4.94245252777235,1.74545454545455
-0.227479123361209,-1.68029811626779,0.287271911550825,-0.468823859612997,1.68060827133992,-1.79749420953422,8.59762351306637,8.59762351306637,1.79393939393939
-0.227145333376862,-1.68026450518906,0.287327061174301,-0.468520693910518,1.6807354029479,-1.79751559462513,13.1385386789647,13.1385386789647,1.84242424242424
-0.226658582765388,-1.68021542283817,0.287407445827567,-0.468078574096539,1.68092076191331,-1.79754670851477,18.4943384910191,18.4943384910191,1.89090909090909
-0.22599502677028,-1.68014838038594,0.28751695730873,-0.467475808383745,1.6811733902005,-1.79758898840007,24.5941634147812,24.5941634147812,1.93939393939394
-0.225133153470552,-1.68006107415308,0.287659074693413,-0.466692803994692,1.68150141855581,-1.79764367079734,31.3671539158026,31.3671539158026,1.98787878787879
-0.224053815318802,-1.67995137759749,0.287836852831852,-0.465712091226027,1.68191204926661,-1.79771177807832,38.7424504596349,38.7424504596349,2.03636363636364
-0.222740257501898,-1.67981733397636,0.288052911800188,-0.464518344927389,1.68241154049284,-1.79779410628873,46.6491935118299,46.6491935118299,2.08484848484848
-0.22117814140835,-1.67965715008457,0.288309427877321,-0.463098402043838,1.68300519306579,-1.7978912149621,55.0165235379391,55.0165235379391,2.13333333333333
-0.219355561710775,-1.67946919142145,0.288608126548672,-0.461441274051769,1.68369734053572,-1.79800341955,63.7735810035143,63.7735810035143,2.18181818181818
-0.217263055826279,-1.67925197908536,0.288950277962607,-0.4595381533268,1.68449134312533,-1.7981307869869,72.849506374107,72.849506374107,2.23030303030303
-0.21489360479788,-1.67900418863849,0.289336695184854,-0.457382412713911,1.68538958611032,-1.79827313479621,82.173440115269,82.173440115269,2.27878787878788
-0.212242624939689,-1.6787246511251,0.289767735512261,-0.454969597819349,1.68639348300538,-1.79843003402506,91.6745226925518,91.6745226925518,2.32727272727273
-0.209307949899168,-1.67841235636551,0.290243305021363,-0.452297411802709,1.68750348378603,-1.79860081617251,101.281894571507,101.281894571507,2.37575757575758
-0.20608980310177,-1.67806645858659,0.290762866441155,-0.449365692707497,1.68871908822873,-1.79878458415267,110.924696217687,110.924696217687,2.42424242424242
-0.202590760846682,-1.67768628438929,0.291325450355206,-0.446176383620102,1.69003886430631,-1.79898022721446,120.532068096642,120.532068096642,2.47272727272727
-0.198815706607342,-1.6772713429957,0.291929669657662,-0.442733496181602,1.6914604714387,-1.79918643962667,130.033150673925,130.033150673925,2.52121212121212
-0.194771777347864,-1.67682133866348,0.292573737112388,-0.439043068185899,1.69298068827182,-1.79940174283437,139.357084415087,139.357084415087,2.56969696969697
-0.190468302888964,-1.67633618510584,0.293255485796042,-0.435113116174564,1.69459544454546,-1.79962451070262,148.433009785679,148.433009785679,2.61818181818182
-0.185916739538663,-1.67581602171056,0.293972392145157,-0.430953584078361,1.69629985651434,-1.79985299738913,157.190067251255,157.190067251255,2.66666666666667
-0.181130599340287,-1.67526123131331,0.2947216012751,-0.426576289054553,1.69808826530872,-1.80008536732838,165.557397277364,165.557397277364,2.71515151515152
-0.176125376381896,-1.67467245924823,0.295499954195125,-0.421994865726729,1.69995427756097,-1.80031972676843,173.464140329559,173.464140329559,2.76363636363636
-0.170918471657762,-1.67405063337295,0.29630401650855,-0.417224710050996,1.70189080758294,-1.80055415627559,180.839436873391,180.839436873391,2.81212121212121
-0.16552911797697,-1.6733969847455,0.297130108159566,-0.412282924011698,1.70389012035484,-1.80078674361218,187.612427374413,187.612427374413,2.86060606060606
-0.159978306380761,-1.67271306861602,0.297974333767523,-0.407188262295628,1.70594387457708,-1.80101561639519,193.712252298175,193.712252298175,2.90909090909091
-0.15428871546483,-1.6720007853871,0.298832613074392,-0.401961082011443,1.70804316504089,-1.80123897395829,199.068052110229,199.068052110229,2.95757575757576
-0.148484644911841,-1.67126240119102,0.299700711020196,-0.396623296416879,1.71017856358794,-1.80145511786247,203.608967276127,203.608967276127,3.00606060606061
-0.142591954430155,-1.67050056772992,0.300574266952957,-0.391198333497001,1.71234015795135,-1.80166248052937,207.264138261421,207.264138261421,3.05454545454545
-0.136638009174342,-1.66971834102506,0.301448822472771,-0.385711100108847,1.71451758779712,-1.80185965150386,209.962705531663,209.962705531663,3.1030303030303
-0.130651632598558,-1.66891919872234,0.302319847402423,-0.380187952277829,1.71670007731337,-1.80204540088514,211.633809552403,211.633809552403,3.15151515151515
-0.124663067572111,-1.66810705560278,0.303182763368293,-0.374656672105413,1.71887646372193,-1.8022186994964,212.206590789194,212.206590789194,3.2
-0.118698399755288,-1.66728550709944,0.304033751857064,-0.369141319875549,1.72103722722698,-1.80237887858945,212.206590789194,212.206590789194,3.24848484848485
-0.112762449210353,-1.66645537427412,0.30487213290195,-0.363646369000003,1.72318063747456,-1.80252599122544,212.206590789194,212.206590789194,3.2969696969697
-0.106854618437438,-1.66561674488436,0.305698009967137,-0.35817129196822,1.72530693540635,-1.80266024707204,212.206590789194,212.206590789194,3.34545454545455
-0.100974325864459,-1.66476970465204,0.306511483204158,-0.352715576143346,1.72741635547368,-1.80278184971895,212.206590789194,212.206590789194,3.39393939393939
-0.0951210051965764,-1.66391433734283,0.307312649577141,-0.347278723154414,1.72950912589232,-1.80289099691904,212.206590789194,212.206590789194,3.44242424242424
-0.0892941047984212,-1.66305072484172,0.308101602981705,-0.341860248319267,1.73158546888456,-1.80298788081733,212.206590789194,212.206590789194,3.49090909090909
-0.0834930871070934,-1.66217894722486,0.308878434357904,-0.336459680096327,1.73364560090931,-1.80307268816838,212.206590789194,212.206590789194,3.53939393939394
-0.0777174280740564,-1.66129908282807,0.309643231797562,-0.331076559563479,1.735689732881,-1.80314560054277,212.206590789194,212.206590789194,3.58787878787879
-0.0719666166342052,-1.66041120831191,0.310396080646341,-0.325710439922408,1.73771807037787,-1.80320679452353,212.206590789194,212.206590789194,3.63636363636364
-0.0662401542004842,-1.65951539872391,0.311137063600833,-0.320360886026903,1.73973081384034,-1.80325644189284,212.206590789194,212.206590789194,3.68484848484849
-0.0605375541825694,-1.65861172755775,0.311866260800987,-0.315027473933697,1.74172815876,-1.80329470980976,212.206590789194,212.206590789194,3.73333333333333
-0.0548583415282049,-1.65770026680981,0.312583749918115,-0.309709790474537,1.74371029585969,-1.8033217609794,212.206590789194,212.206590789194,3.78181818181818
-0.0492020522858962,-1.65678108703312,0.313289606238734,-0.30440743284826,1.74567741126534,-1.80333775381416,212.206590789194,212.206590789194,3.83030303030303
-0.0435682331877448,-1.65585425738895,0.313983902744488,-0.299120008231732,1.74762968666986,-1.80334284258728,212.206590789194,212.206590789194,3.87878787878788
-0.0379564412512871,-1.65491984569602,0.314666710188349,-0.293847133408579,1.74956729948963,-1.80333717757931,212.206590789194,212.206590789194,3.92727272727273
-0.0323662433992764,-1.6539779184776,0.315338097167311,-0.288588434414714,1.75149042301394,-1.80332090521785,212.206590789194,212.206590789194,3.97575757575758
-0.0267972160964218,-1.65302854100661,0.315998130191763,-0.283343546199739,1.75339922654781,-1.80329416821082,212.206590789194,212.206590789194,4.02424242424242
-0.0213102106518658,-1.65193771260742,0.317946101298057,-0.278044600016795,1.75514402734717,-1.80321562972366,212.206590789194,212.206590789194,4.07272727272727
-0.0161693971341085,-1.65012484467067,0.326911749099124,-0.272397687907344,1.75607607765732,-1.80290549317338,212.206590789194,212.206590789194,4.12121212121212
-0.0115849610716838,-1.6471242087019,0.347951992612621,-0.266151811640397,1.75565635395861,-1.80218846696417,212.206590789194,212.206590789194,4.16969696969697
-0.00764016487417882,-1.64274679269316,0.384245836021291,-0.259155354231376,1.75359688051134,-1.800880251717,212.206590789194,212.206590789194,4.21818181818182
-0.00429578110936155,-1.63707273009497,0.437369494368582,-0.251336747190256,1.74982676770372,-1.79874389361188,212.206590789194,212.206590789194,4.26666666666667
-0.00140612959439466,-1.63041741409602,0.507523228260736,-0.242692392269201,1.74445952889979,-1.79548730965961,212.206590789194,212.206590789194,4.31515151515152
0.00125171494351143,-1.62326797778884,0.593707866144664,-0.233281725955792,1.73775935708084,-1.79080412918363,212.206590789194,212.206590789194,4.36363636363636
0.00393750495838205,-1.6161947209956,0.693865337331304,-0.223226051248678,1.73010273229186,-1.78444587868353,212.206590789194,212.206590789194,4.41212121212121
0.00690179407683049,-1.60975003810454,0.805008931110076,-0.212705849874117,1.72193385766061,-1.77630395809591,212.206590789194,212.206590789194,4.46060606060606
0.0103429123770241,-1.604373797843,0.923373798184055,-0.201951254897495,1.71371668123868,-1.76647585572432,212.206590789194,212.206590789194,4.50909090909091
0.0143760920231726,-1.60032504965295,1.04461391212066,-0.191222524767658,1.70588930311163,-1.75529327410883,212.206590789194,212.206590789194,4.55757575757576
0.0190210565887026,-1.59765366519404,1.1640582944504,-0.18078152421821,1.69882652965474,-1.74330049125813,212.206590789194,212.206590789194,4.60606060606061
0.024209292194064,-1.59621466449731,1.27702126679106,-0.170859956524523,1.69281426006588,-1.73118631782381,212.206590789194,212.206590789194,4.65454545454545
0.0298072266446035,-1.59571748398883,1.37914627239872,-0.161632843239514,1.68803731163696,-1.71968657867048,212.206590789194,212.206590789194,4.7030303030303
0.0356485286137428,-1.59579601264136,1.46675663285453,-0.153204425072464,1.68458066834746,-1.7094804005414,212.206590789194,212.206590789194,4.75151515151515
0.0415680976494693,-1.59608353309377,1.53719091842142,-0.145608479231395,1.68244180343648,-1.70110047462859,212.206590789194,212.206590789194,4.8
0.0474313275849507,-1.59627838232746,1.58911167096603,-0.138818663920226,1.68154810627946,-1.69486745938083,212.206590789194,212.206590789194,4.84848484848485
0.0531539978980502,-1.59618959207992,1.62278772720344,-0.132760222614313,1.68177008153631,-1.69084756375831,212.206590789194,212.206590789194,4.8969696969697
0.0587102258700063,-1.5957561956485,1.64035717204147,-0.127314202496725,1.68292064063088,-1.68882560636291,212.206590789194,212.206590789194,4.94545454545455
0.0641283985320024,-1.59503950285851,1.64607872706508,-0.122309235317787,1.68473523575684,-1.68828544657098,212.206590789194,212.206590789194,4.99393939393939
0.0694771288746163,-1.59420047803079,1.64650184678143,-0.117507465029618,1.68683968098086,-1.68832198881162,212.206590789194,212.206590789194,5.04242424242424
0.0747930759240538,-1.59365959373251,1.64701187910918,-0.112813550455582,1.68889230155803,-1.6848208892488,212.206590789194,212.206590789194,5.09090909090909
0.0800418367591371,-1.59402081331481,1.64886038816324,-0.108388991418473,1.69075504028065,-1.6708920945582,212.206590789194,212.206590789194,5.13939393939394
0.0851735734118168,-1.59573537799781,1.65265475625738,-0.10441045788697,1.69236734798781,-1.64171503190169,212.206590789194,212.206590789194,5.18787878787879
0.0901120876578276,-1.59912094079705,1.65868922001446,-0.101094793543307,1.69375133913943,-1.59465614086603,212.206590789194,212.206590789194,5.23636363636364
0.094750259012835,-1.60438575922378,1.66695795201019,-0.0987173679108487,1.69502122811679,-1.52902386238782,212.206590789194,212.206590789194,5.28484848484849
0.0989612803520802,-1.61162348400382,1.67717425004708,-0.0975876067830635,1.69637451889617,-1.44581272538177,212.206590789194,212.206590789194,5.33333333333333
0.102622811885288,-1.62078502844719,1.68880468353109,-0.0979864169612889,1.69806201502631,-1.34742704407498,212.206590789194,212.206590789194,5.38181818181818
0.105647523882916,-1.63164630573575,1.70112951422654,-0.100084089330386,1.7003395823747,-1.23737418246046,212.206590789194,212.206590789194,5.43030303030303
0.108012056174547,-1.64379583684252,1.71333603665805,-0.103865790255394,1.70341118623828,-1.11992381396367,212.206590789194,212.206590789194,5.47878787878788
0.109776822093054,-1.65666101413286,1.72463885832616,-0.109091678134988,1.70737791985277,-0.999743354395875,212.206590789194,212.206590789194,5.52727272727273
0.111090973682419,-1.66957661426655,1.7344055014603,-0.115308169746115,1.71220820411753,-0.88153503713177,212.206590789194,212.206590789194,5.57575757575758
0.112179892196437,-1.68188014523373,1.74225564596898,-0.121909027319047,1.71773831899676,-0.769707857724846,212.206590789194,212.206590789194,5.62424242424242
0.113316460617401,-1.69300558780743,1.74810505674943,-0.12822777288359,1.72370206630489,-0.668111323695657,212.206590789194,212.206590789194,5.67272727272727
0.114781464804022,-1.70254761784969,1.75214135555351,-0.133634834956417,1.72977904758011,-0.57983902959986,212.206590789194,212.206590789194,5.72121212121212
0.116821391126173,-1.71028241812307,1.75474115801805,-0.13761694863254,1.7356476545535,-0.507087682364319,212.206590789194,212.206590789194,5.76969696969697
0.11961207206441,-1.71615092712265,1.75635627996595,-0.139828895128131,1.7410321613181,-0.451041830087346,212.206590789194,212.206590789194,5.81818181818182
0.123233721762342,-1.72022575663364,1.75740371146618,-0.14012119430503,1.74573982311324,-0.411751190249039,212.206590789194,212.206590789194,5.86666666666667
0.127658520002516,-1.72268782013715,1.75818954448041,-0.138555499877851,1.74968917968821,-0.387974107333552,212.206590789194,212.206590789194,5.91515151515152
0.1327484846807,-1.72383257722611,1.75888501184579,-0.135419856150908,1.75293254573361,-0.376972357298476,212.206590789194,212.206590789194,5.96363636363636
0.13826002772585,-1.72411197573497,1.759556453732,-0.131250486308007,1.7556747859674,-0.374256677341741,212.206590789194,212.206590789194,6.01212121212121
0.143881359095782,-1.72413484903159,1.76022714780491,-0.126782940039843,1.75825167711865,-0.37390997516949,212.206590789194,212.206590789194,6.06060606060606
0.149490937165016,-1.72415098571886,1.76090473189114,-0.122315195452405,1.76080646666376,-0.373559928188455,212.206590789194,212.206590789194,6.10909090909091
0.155087873198577,-1.7241624721848,1.76158915348066,-0.117849611816835,1.7633404321297,-0.37318568356551,212.206590789194,212.206590789194,6.15757575757576
0.160672335163483,-1.72416915505383,1.7622802820965,-0.113385903756042,1.7658535514094,-0.372787372183431,212.206590789194,212.206590789194,6.20606060606061
0.166244488216519,-1.7241708826627,1.76297798771409,-0.108923790466758,1.76834580173661,-0.372365122390484,212.206590789194,212.206590789194,6.25454545454545
0.171804494787688,-1.72416750502046,1.7636821407504,-0.104462995609851,1.77081715969962,-0.371919060082149,212.206590789194,212.206590789194,6.3030303030303
0.177352514661291,-1.72415887376939,1.76439261205335,-0.100003247204295,1.77326760125485,-0.371449308780636,212.206590789194,212.206590789194,6.35151515151515
0.182888705054735,-1.72414484214724,1.76510927289157,-0.095544277524625,1.77569710174024,-0.370955989712264,212.206590789194,212.206590789194,6.4
0.188413220695175,-1.7241252649503,1.76583199494441,-0.0910858230017509,1.77810563588839,-0.370439221882781,212.206590789194,212.206590789194,6.44848484848485
0.193926213894077,-1.72409999849772,1.76656065029214,-0.0866276241269772,1.78049317783949,-0.369899122150712,212.206590789194,212.206590789194,6.4969696969697
0.199427834619793,-1.7240689005966,1.76729511140653,-0.0821694253591121,1.78285970115413,-0.369335805298784,212.206590789194,212.206590789194,6.54545454545455
0.204918230568239,-1.72403183050812,1.76803525114157,-0.0777109750345267,1.78520517882581,-0.368749384103514,212.206590789194,212.206590789194,6.59393939393939
0.210397547231746,-1.72398864891455,1.76878094272446,-0.0732520252800556,1.78752958329337,-0.368139969403023,212.206590789194,212.206590789194,6.64242424242424
0.215865927966172,-1.72393921788706,1.76953205974681,-0.0687923319286109,1.78983288645315,-0.367507670163122,212.206590789194,212.206590789194,6.69090909090909
0.221323514056342,-1.7238834008544,1.77028847615604,-0.064331654437411,1.79211505967096,-0.366852593541745,212.206590789194,212.206590789194,6.73939393939394
0.226770444779894,-1.72382106257235,1.77105006624701,-0.0598697558087098,1.79437607379397,-0.366174844951784,212.206590789194,212.206590789194,6.78787878787879
0.23220685746959,-1.72375206909386,1.77181670465377,-0.0554064025129235,1.79661589916228,-0.365474528122365,212.206590789194,212.206590789194,6.83636363636364
0.237632887574167,-1.72367628774001,1.77258826634159,-0.0509413644140629,1.7988345056204,-0.36475174515863,212.206590789194,212.206590789194,6.88484848484848
0.243048668717778,-1.72359358707153,1.77336462659905,-0.0464744146973706,1.80103186252852,-0.36400659660007,212.206590789194,212.206590789194,6.93333333333333
0.248454332758094,-1.72350383686109,1.77414566103038,-0.0420053297990766,1.80320793877363,-0.363239181477452,212.206590789194,212.206590789194,6.98181818181818
0.253850009843123,-1.72340690806612,1.77493124554787,-0.0375338893381811,1.8053627027804,-0.362449597368385,212.206590789194,212.206590789194,7.03030303030303
0.259235828466786,-1.72330267280225,1.7757212563645,-0.033059876050183,1.80749612252192,-0.361637940451572,212.206590789194,212.206590789194,7.07878787878788
0.264611915523322,-1.72319100431735,1.77651556998663,-0.0285830757226724,1.80960816553029,-0.36080430555978,212.206590789194,212.206590789194,7.12727272727273
0.269978396360564,-1.7230717769661,1.77731406320687,-0.0241032771327092,1.811698798907,-0.359948786231578,212.206590789194,212.206590789194,7.17575757575758
0.275335394832126,-1.72294486618501,1.77811661309702,-0.0196202719859104,1.81376798933309,-0.359071474761865,212.206590789194,212.206590789194,7.22424242424242
0.280683033348567,-1.72281014846804,1.77892309700117,-0.0151338548571758,1.81581570307922,-0.358172462251234,212.206590789194,212.206590789194,7.27272727272727
0.286021432927549,-1.72266750134258,1.77973339252881,-0.0106438231329817,1.81784190601547,-0.357251838654204,212.206590789194,212.206590789194,7.32121212121212
0.291350713243068,-1.72251680334596,1.78054737754813,-0.00614997695517246,1.81984656362105,-0.356309692826348,212.206590789194,212.206590789194,7.36969696969697
0.296670992673759,-1.72235793400231,1.78136493017933,-0.00165211916618621,1.82182964099371,-0.355346112570349,212.206590789194,212.206590789194,7.41818181818182
0.301982388350346,-1.72219077379985,1.78218592878802,0.0028499447443465,1.82379110285909,-0.354361184681015,212.206590789194,212.206590789194,7.46666666666667
0.307285016202267,-1.72201520416857,1.78301025197869,0.00735640669170099,1.82573091357977,-0.353354994989281,212.206590789194,212.206590789194,7.51515151515152
0.312578991003493,-1.72183110745826,1.78383777858823,0.0118674560468989,1.82764903716421,-0.35232762840522,212.206590789194,212.206590789194,7.56363636363636
0.31786442641761,-1.72163836691684,1.78466838767952,0.0163832796863653,1.82954543727548,-0.351279168960093,212.206590789194,212.206590789194,7.61212121212121
0.323141435042163,-1.72143686666903,1.78550195853499,0.0209040620404431,1.83142007723973,-0.350209699847461,212.206590789194,212.206590789194,7.66060606060606
0.328410128452323,-1.72122649169536,1.78633837065029,0.0254299851408293,1.83327292005458,-0.349119303463383,212.206590789194,212.206590789194,7.70909090909091
0.333670617243898,-1.72100712781137,1.78717750372794,0.0299612286669806,1.83510392839721,-0.348008061445716,212.206590789194,212.206590789194,7.75757575757576
0.338923011075708,-1.72077866164715,1.78801923767099,0.0344979699915398,1.83691306463229,-0.346876054712552,212.206590789194,212.206590789194,7.80606060606061
0.344167418711379,-1.72054098062707,1.78886345257672,0.0390403842248373,1.83870029081971,-0.345723363499795,212.206590789194,212.206590789194,7.85454545454545
0.349403948060564,-1.72029397294975,1.78971002873026,0.0435886442585059,1.84046556872204,-0.344550067397912,212.206590789194,212.206590789194,7.9030303030303
0.354632706219626,-1.72003752756827,1.79055884659832,0.0481429208082686,1.8422088598119,-0.343356245387864,212.206590789194,212.206590789194,7.95151515151515
0.359853799511816,-1.71977153417051,1.79140978682276,0.0527033824559368,1.84393012527895,-0.342141975876246,212.206590789194,212.206590789194,8
0.365067333526964,-1.71949588315972,1.79226273021424,0.0572701956906623,1.8456293260368,-0.34090733672965,212.206590789194,212.206590789194,8.04848484848485
0.370273413160711,-1.7192104656352,1.7931175577458,0.061843524949495,1.84730642272963,-0.339652405308255,212.206590789194,212.206590789194,8.0969696969697
0.375472142653316,-1.71891517337315,1.79397415054633,0.0664235326572791,1.84896137573855,-0.338377258498679,212.206590789194,212.206590789194,8.14545454545454
0.380663625628051,-1.71860989880767,1.79483238989411,0.0710103792659372,1.85059414518782,-0.337081972746096,212.206590789194,212.206590789194,8.19393939393939
0.385847965129211,-1.71829453501181,1.79569215721016,0.0756042232931769,1.85220469095071,-0.335766624085629,212.206590789194,212.206590789194,8.24242424242424
0.393302152312178,-1.71769812456919,1.796890158981,0.082256868523156,1.85354065156996,-0.333565267561397,211.633809552403,211.633809552403,8.29090909090909
0.398478368717193,-1.71657874593684,1.79748237091005,0.0870106447417786,1.84918070809594,-0.3305004033187,209.962705531663,209.962705531663,8.33939393939394
0.403655597406735,-1.7143756821512,1.7976831903078,0.0919009152685701,1.83665972447718,-0.325095779053986,207.264138261421,207.264138261421,8.38787878787879
0.408829778532391,-1.71089416745169,1.79738443598289,0.096820865951661,1.81457284575468,-0.316981998565302,203.608967276127,203.608967276127,8.43636363636364
0.41399313818034,-1.70612635709862,1.79652454037172,0.101565700319465,1.7829941704636,-0.306214849645006,199.068052110229,199.068052110229,8.48484848484848
0.419133295084751,-1.70021409565302,1.79508720460853,0.105883688504701,1.74313472653731,-0.293154064202203,193.712252298175,193.712252298175,8.53333333333333
0.424231289324774,-1.69341237842826,1.79310521745337,0.109538731410559,1.69698492736131,-0.278343980358791,187.612427374413,187.612427374413,8.58181818181818
0.429259679352443,-1.6860545071937,1.79066454924277,0.112364794429064,1.64699688383154,-0.262424092006185,180.839436873391,180.839436873391,8.63030303030303
0.434181542138496,-1.67851950361332,1.78790441760884,0.114303009801013,1.59583824951373,-0.246080625225063,173.464140329559,173.464140329559,8.67878787878788
0.438950870235346,-1.67120133626878,1.78501051343949,0.115420946974281,1.5462115295712,-0.230029642823525,165.557397277364,165.557397277364,8.72727272727273
0.443514751721691,-1.66447848173544,1.78219981552516,0.115913924340678,1.50070294906562,-0.215008033827683,157.190067251255,157.190067251255,8.77575757575758
0.447817709089792,-1.65868210934116,1.77969644097509,0.116083132191179,1.4616150376974,-0.201744041313321,148.43300978568,148.43300978568,8.82424242424242
0.451808343155576,-1.65406210726448,1.77769948408527,0.116282801457907,1.43074891772712,-0.190884741191332,139.357084415087,139.357084415087,8.87272727272727
0.455447780801145,-1.65075163035095,1.77634604951014,0.116836192005872,1.40912998232166,-0.182875442686063,130.033150673925,130.033150673925,8.92121212121212
0.458718540521526,-1.64873171549237,1.7756748424974,0.117937851650339,1.39670133710597,-0.177811627650798,120.532068096642,120.532068096642,8.96969696969697
0.461631917658501,-1.64779723727592,1.77559616647876,0.119574995894457,1.39202591379563,-0.175303111740903,110.924696217687,110.924696217687,9.01818181818182
0.464232558125364,-1.64752454144244,1.77587169262915,0.121495280886734,1.3920280147309,-0.174383464166585,101.281894571507,101.281894571507,9.06666666666667
0.466615919615493,-1.64754275313447,1.77628379975144,0.121927717292419,1.39360517896876,-0.174127109835781,91.6745226925518,91.6745226925518,9.11515151515152
0.46893640890942,-1.64839246702499,1.77715961484753,0.114890892255541,1.39907351828425,-0.175622380275962,82.1734401152689,82.1734401152689,9.16363636363636
0.471297905840192,-1.6506080638369,1.7788132122407,0.0959346598440537,1.41091524085528,-0.180083971165519,72.849506374107,72.849506374107,9.21212121212121
0.473738444481648,-1.65448184443227,1.78138847584796,0.0633501530070873,1.43017404814003,-0.188381299600829,63.7735810035143,63.7735810035143,9.26060606060606
0.476245043513597,-1.66011158294815,1.78488606677394,0.0176343724092859,1.45669161637035,-0.201127509992185,55.0165235379392,55.0165235379392,9.30909090909091
0.47877241109952,-1.66741795495914,1.78918865839911,-0.0391698596327954,1.48937191806294,-0.218636703229714,46.6491935118299,46.6491935118299,9.35757575757576
0.481260218112244,-1.67614996132211,1.79408739531029,-0.104100058918222,1.52645269788207,-0.240809139462806,38.742450459635,38.742450459635,9.40606060606061
0.483644027523943,-1.68589463728402,1.79930990455839,-0.173711514871305,1.56575564240431,-0.267011576933116,31.3671539158026,31.3671539158026,9.45454545454546
0.485859002507954,-1.69609807219626,1.80454790618109,-0.244286229994463,1.60490316141428,-0.295996831205389,24.5941634147812,24.5941634147812,9.5030303030303
0.487839786174975,-1.70610261580967,1.80948424414905,-0.311909986871095,1.64151951141668,-0.325901622503801,18.4943384910191,18.4943384910191,9.55151515151515
0.489521936239472,-1.71520919815297,1.8138222765575,-0.372598885653255,1.6734489670049,-0.354381856909361,13.1385386789647,13.1385386789647,9.6
0.490849228113916,-1.72277241554375,1.81732027274979,-0.422652521803643,1.69900385741516,-0.378948752248462,8.59762351306639,8.59762351306639,9.64848484848485
0.49178758123235,-1.7283229369917,1.81982930639715,-0.459305395523878,1.71721662594513,-0.397510415442123,4.94245252777237,4.94245252777237,9.6969696969697
0.492342385651144,-1.73169514943736,1.82132987866492,-0.481576116081623,1.72805933206113,-0.409009856496426,2.24388525753102,2.24388525753102,9.74545454545455
0.49257440498285,-1.73313362427347,1.82196428054767,-0.491081762830766,1.73263251599936,-0.413966334063381,0.572781236790797,0.572781236790797,9.79393939393939
0.492611215377459,-1.73336500189888,1.82206594805519,-0.492611215377459,1.73336500189888,-0.414766359680476,0,0,9.84242424242424
0.492611215377459,-1.73336500189888,1.82206594805519,-0.492611215377459,1.73336500189888,-0.414766359680476,0.572781236790823,0.572781236790823,9.89090909090909
0.492611215377459,-1.73336500189888,1.82206594805519,-0.492611215377459,1.73336500189888,-0.414766359680476,2.24388525753106,2.24388525753106,9.93939393939394
0.492611215377459,-1.73336500189888,1.82206594805519,-0.492611215377459,1.73336500189888,-0.414766359680476,4.94245252777235,4.94245252777235,9.98787878787879
0.492611215377459,-1.73336500189888,1.82206594805519,-0.492611215377459,1.73336500189888,-0.414766359680476,8.59762351306637,8.59762351306637,10.0363636363636
0.492611215377459,-1.73336500189888,1.82206594805519,-0.492611215377459,1.73336500189888,-0.414766359680476,13.1385386789647,13.1385386789647,10.0848484848485
0.492611215377459,-1.73336500189888,1.82206594805519,-0.492611215377459,1.73336500189888,-0.414766359680476,18.4943384910191,18.4943384910191,10.1333333333333
0.492611215377459,-1.73336500189888,1.82206594805519,-0.492611215377459,1.73336500189888,-0.414766359680476,24.5941634147812,24.5941634147812,10.1818181818182
0.492611215377459,-1.73336500189888,1.82206594805519,-0.492611215377459,1.73336500189888,-0.414766359680476,31.3671539158026,31.3671539158026,10.230303030303
0.492611215377459,-1.73336500189888,1.82206594805519,-0.492611215377459,1.73336500189888,-0.414766359680476,38.7424504596349,38.7424504596349,10.2787878787879
0.492611215377459,-1.73336500189888,1.82206594805519,-0.492611215377459,1.73336500189888,-0.414766359680476,46.6491935118299,46.6491935118299,10.3272727272727
0.492611215377459,-1.73336500189888,1.82206594805519,-0.492611215377459,1.73336500189888,-0.414766359680476,55.0165235379391,55.0165235379391,10.3757575757576
0.492611215377459,-1.73336500189888,1.82206594805519,-0.492611215377459,1.73336500189888,-0.414766359680476,63.7735810035143,63.7735810035143,10.4242424242424
0.492611215377459,-1.73336500189888,1.82206594805519,-0.492611215377459,1.73336500189888,-0.414766359680476,72.849506374107,72.849506374107,10.4727272727273
0.492611215377459,-1.73336500189888,1.82206594805519,-0.492611215377459,1.73336500189888,-0.414766359680476,82.173440115269,82.173440115269,10.5212121212121
0.492611215377459,-1.73336500189888,1.82206594805519,-0.492611215377459,1.73336500189888,-0.414766359680476,91.6745226925518,91.6745226925518,10.569696969697
0.492611215377459,-1.73336500189888,1.82206594805519,-0.492611215377459,1.73336500189888,-0.414766359680476,101.281894571507,101.281894571507,10.6181818181818
0.492611215377459,-1.73336500189888,1.82206594805519,-0.492611215377459,1.73336500189888,-0.414766359680476,110.924696217687,110.924696217687,10.6666666666667
0.492611215377459,-1.73336500189888,1.82206594805519,-0.492611215377459,1.73336500189888,-0.414766359680476,120.532068096642,120.532068096642,10.7151515151515
0.492611215377459,-1.73336500189888,1.82206594805519,-0.492611215377459,1.73336500189888,-0.414766359680476,130.033150673925,130.033150673925,10.7636363636364
0.492611215377459,-1.73336500189888,1.82206594805519,-0.492611215377459,1.73336500189888,-0.414766359680476,139.357084415087,139.357084415087,10.8121212121212
0.492611215377459,-1.73336500189888,1.82206594805519,-0.492611215377459,1.73336500189888,-0.414766359680476,148.433009785679,148.433009785679,10.8606060606061
0.492611215377459,-1.73336500189888,1.82206594805519,-0.492611215377459,1.73336500189888,-0.414766359680476,157.190067251255,157.190067251255,10.9090909090909
0.492611215377459,-1.73336500189888,1.82206594805519,-0.492611215377459,1.73336500189888,-0.414766359680476,165.557397277364,165.557397277364,10.9575757575758
0.492611215377459,-1.73336500189888,1.82206594805519,-0.492611215377459,1.73336500189888,-0.414766359680476,173.464140329559,173.464140329559,11.0060606060606
0.492611215377459,-1.73336500189888,1.82206594805519,-0.492611215377459,1.73336500189888,-0.414766359680476,180.839436873391,180.839436873391,11.0545454545455
0.492611215377459,-1.73336500189888,1.82206594805519,-0.492611215377459,1.73336500189888,-0.414766359680476,187.612427374413,187.612427374413,11.1030303030303
0.492611215377459,-1.73336500189888,1.82206594805519,-0.492611215377459,1.73336500189888,-0.414766359680476,193.712252298175,193.712252298175,11.1515151515152
0.492611215377459,-1.73336500189888,1.82206594805519,-0.492611215377459,1.73336500189888,-0.414766359680476,199.068052110229,199.068052110229,11.2
0.492611215377459,-1.73336500189888,1.82206594805519,-0.492611215377459,1.73336500189888,-0.414766359680476,203.608967276127,203.608967276127,11.2484848484848
0.492611215377459,-1.73336500189888,1.82206594805519,-0.492611215377459,1.73336500189888,-0.414766359680476,207.264138261421,207.264138261421,11.2969696969697
0.492611215377459,-1.73336500189888,1.82206594805519,-0.492611215377459,1.73336500189888,-0.414766359680476,209.962705531663,209.962705531663,11.3454545454545
0.492611215377459,-1.73336500189888,1.82206594805519,-0.492611215377459,1.73336500189888,-0.414766359680476,211.633809552403,211.633809552403,11.3939393939394
0.492611215377459,-1.73336500189888,1.82206594805519,-0.492611215377459,1.73336500189888,-0.414766359680476,212.206590789194,212.206590789194,11.4424242424242
