-0.487293289974873,1.72559976883049,-0.410565131828609,0.489393521983189,-1.72606584908512,1.81868581478804,211.633809552403,211.633809552403,0.0484848484848485
-0.473874680685978,1.72100181406765,-0.404718314848053,0.489092526075823,-1.72441256976159,1.81794276112894,209.962705531663,209.962705531663,0.096969696969697
-0.442364827284219,1.7100130662629,-0.391161013049634,0.488378871266793,-1.72056103839184,1.81619717948844,207.264138261421,207.264138261421,0.145454545454545
-0.390611974669159,1.69141857120377,-0.369445213724221,0.487186197081088,-1.71434147337,1.81333437382672,203.608967276127,203.608967276127,0.193939393939394
-0.320324125633392,1.66519676875828,-0.341127274500129,0.485526119928969,-1.70614836074836,1.80947637082618,199.068052110229,199.068052110229,0.242424242424242
-0.235624903923164,1.63236603391507,-0.308942042349016,0.483464434368285,-1.69675675388095,1.80492289726805,193.712252298175,193.712252298175,0.290909090909091
-0.141505171081512,1.59468619502126,-0.275834302682109,0.481093733106896,-1.68709147148421,1.80007196017021,187.612427374413,187.612427374413,0.339393939393939
-0.042753461931827,1.55426455800673,-0.244245419126752,0.478512473481682,-1.67803093174947,1.79534416255926,180.839436873391,180.839436873391,0.387878787878788
0.0564127624448361,1.51322624754007,-0.215822147473298,0.475817961901309,-1.67028560747262,1.79112690517297,173.464140329559,173.464140329559,0.436363636363636
0.152185601157824,1.47354684584497,-0.191455335135564,0.473112574548521,-1.66433237708684,1.78773309541924,165.557397277364,165.557397277364,0.484848484848485
0.240827953442727,1.43702002000663,-0.171468551498606,0.470515160146363,-1.66036453593566,1.78535621102227,157.190067251255,157.190067251255,0.533333333333333
0.318507299393148,1.40526569002199,-0.155827556173848,0.468165661415306,-1.65824941157895,1.78401655269206,148.43300978568,148.43300978568,0.581818181818182
0.381551368641945,1.37967916938103,-0.144305284232025,0.466211635423922,-1.6575424560575,1.783530066399,139.357084415087,139.357084415087,0.63030303030303
0.427199917678124,1.36124033747863,-0.136562127259951,0.464773519364122,-1.65761992435364,1.7835558021712,130.033150673925,130.033150673925,0.678787878787879
0.454692618598879,1.35016147948389,-0.132126126665348,0.463899422998982,-1.65790931394448,1.7837365097102,120.532068096642,120.532068096642,0.727272727272727
0.466334759404696,1.34547424199625,-0.130297219702968,0.46352774134684,-1.65808694246014,1.78385204589308,110.924696217687,110.924696217687,0.775757575757576
0.468195063182682,1.344725449342,-0.130007664380378,0.463468273890121,-1.65811835608332,1.78387269767134,101.281894571507,101.281894571507,0.824242424242424
0.468394324764394,1.34565298115175,-0.130318206249606,0.463453730288589,-1.65821014752034,1.78393831885918,91.6745226925518,91.6745226925518,0.872727272727273
0.469631614460747,1.35143236878439,-0.132248520103552,0.463363549044382,-1.65877987375291,1.78434433149389,82.1734401152689,82.1734401152689,0.921212121212121
0.47252190781981,1.36506640782601,-0.136771346261447,0.463153804158182,-1.66010829198156,1.78528237275324,72.849506374107,72.849506374107,0.96969696969697
0.47725308778867,1.3877820630001,-0.144215526577718,0.462813727837066,-1.66226989494307,1.78678234985224,63.7735810035143,63.7735810035143,1.01818181818182
0.483666113618518,1.41933841989253,-0.154384515297768,0.46236084584563,-1.66515538760572,1.78873170162352,55.0165235379392,55.0165235379392,1.06666666666667
0.491375210769278,1.45837581683604,-0.166722970226333,0.461832346591673,-1.66851254069721,1.79091841728821,46.6491935118299,46.6491935118299,1.11515151515152
0.499890358277484,1.50276649097389,-0.180486416291849,0.461274706850023,-1.67200350020232,1.79308952878615,38.742450459635,38.742450459635,1.16363636363636
0.508705452880319,1.54992332682928,-0.194868811449644,0.460734038057955,-1.67527325454306,1.79501187743846,31.3671539158026,31.3671539158026,1.21212121212121
0.517340722204982,1.59705031840687,-0.209072480405077,0.460248684699755,-1.67802153862857,1.79652249043283,24.5941634147812,24.5941634147812,1.26060606060606
0.52535340203003,1.64135438308549,-0.22233723826974,0.459844542671863,-1.68006620052046,1.79755816093159,18.4943384910191,18.4943384910191,1.30909090909091
0.532342726256787,1.68025990659102,-0.233963020633503,0.459533164750501,-1.68137992044535,1.79815671621417,13.1385386789647,13.1385386789647,1.35757575757576
0.537972571364261,1.71166317493834,-0.243358579125187,0.4593127918392,-1.68208100097185,1.7984287343473,8.59762351306639,8.59762351306639,1.40606060606061
0.542021388790003,1.73423805820291,-0.250130419880859,0.459172084301322,-1.68237339924923,1.79850978810405,4.94245252777237,4.94245252777237,1.45454545454545
0.544451789539216,1.74777368105897,-0.254200831592747,0.459095011441066,-1.68246020921923,1.79851350872371,2.24388525753102,2.24388525753102,1.5030303030303
0.545482302256737,1.75350795088084,-0.255927907244131,0.459064035598563,-1.68247650197698,1.79850513758992,0.572781236790797,0.572781236790797,1.55151515151515
0.545647709558934,1.75442804638304,-0.256205184260381,0.459059158898828,-1.6824779692773,1.79850324941651,0,0,1.6
0.545635620912661,1.7544271161721,-0.256208517054789,0.45904757173951,-1.68248122684941,1.79850342118876,0.572781236790823,0.572781236790823,1.64848484848485
0.545552495969553,1.75442071757489,-0.256231433231178,0.458967894276591,-1.68250362618954,1.79850460162701,2.24388525753106,2.24388525753106,1.6969696969697
0.545331453147555,1.75440368393228,-0.256292362098752,0.458756011343987,-1.68256318422034,1.79850773452243,4.94245252777235,4.94245252777235,1.74545454545455
0.544910267801546,1.7543711518856,-0.256408422605134,0.458352249398616,-1.68267664683976,1.79851367962369,8.59762351306637,8.59762351306637,1.79393939393939
0.544231564683811,1.75431852138046,-0.256595343833312,0.457701538941539,-1.68285942103896,1.79852319216023,13.1385386789647,13.1385386789647,1.84242424242424
0.543243051142951,1.75424140711856,-0.256867368402616,0.456753611221279,-1.68312549265743,1.79853689812001,18.4943384910191,18.4943384910191,1.89090909090909
0.541897769250077,1.75413558589616,-0.257237147488609,0.455463210705648,-1.68348733747481,1.79855526770029,24.5941634147812,24.5941634147812,1.93939393939394
0.540154345321614,1.7539969441881,-0.257715635989183,0.453790305021493,-1.68395583324273,1.79857858934332,31.3671539158026,31.3671539158026,1.98787878787879
0.53797721623793,1.7538214301385,-0.258311995955484,0.451700274842238,-1.68454017993345,1.79860694667734,38.7424504596349,38.7424504596349,2.03636363636364
0.535336813748238,1.75360501376379,-0.25903351570397,0.449164067735955,-1.68524783485204,1.79864020047856,46.6491935118299,46.6491935118299,2.08484848484848
0.532209690690573,1.75334365864476,-0.259885551000023,0.446158302345613,-1.68608446829315,1.79867797744171,55.0165235379391,55.0165235379391,2.13333333333333
0.528578576688118,1.75303330769045,-0.260871493370961,0.442665312410834,-1.68705394414156,1.79871966710249,63.7735810035143,63.7735810035143,2.18181818181818
0.524432355222932,1.75266988473003,-0.261992769029202,0.438673123891493,-1.68815832828265,1.79876442771937,72.849506374107,72.849506374107,2.23030303030303
0.519765958738602,1.75224931278279,-0.263248870164078,0.434175362556854,-1.68939792600969,1.79881120133586,82.173440115269,82.173440115269,2.27878787878788
0.514580183220743,1.75176754893504,-0.264637418615978,0.429171093539749,-1.69077134791679,1.79885873765447,91.6745226925518,91.6745226925518,2.32727272727273
0.508881428170186,1.75122063488497,-0.26615426030724,0.423664598191731,-1.69227560218343,1.79890562581085,101.281894571507,101.281894571507,2.37575757575758
0.502681371679066,1.75060476146395,-0.267793587386336,0.417665096815876,-1.69390620980891,1.79895033268584,110.924696217687,110.924696217687,2.42424242424242
0.495996593190595,1.74991634485281,-0.269548083933476,0.411186428277992,-1.69565733833216,1.79899124606637,120.532068096642,120.532068096642,2.47272727272727
0.48884815832694,1.74915211181265,-0.271409090327831,0.404246698983003,-1.69752194892602,1.79902672078109,130.033150673925,130.033150673925,2.52121212121212
0.481261180885285,1.74830919104863,-0.273366780999721,0.396867914236689,-1.699491951493,1.79905512589551,139.357084415087,139.357084415087,2.56969696969697
0.473264376817179,1.74738520780905,-0.27541035025951,0.38907560467465,-1.70155836248224,1.79907489113942,148.433009785679,148.433009785679,2.61818181818182
0.464889623891436,1.74637837896404,-0.277528201154029,0.38089845938446,-1.70371146053564,1.79908455093396,157.190067251255,157.190067251255,2.66666666666667
0.456171539015891,1.74528760607064,-0.2797081327794,0.372367975769866,-1.70594093567771,1.79908278465539,165.557397277364,165.557397277364,2.71515151515152
0.447147083093544,1.74411256427384,-0.281937522098155,0.363518134316901,-1.70823602850655,1.79906845208644,173.464140329559,173.464140329559,2.76363636363636
0.437855201035629,1.74285378527733,-0.284203496993882,0.35438510441699,-1.71058565664443,1.79904062333299,180.839436873391,180.839436873391,2.81212121212121
0.428336502335169,1.74151273300927,-0.286493097984339,0.34500698544657,-1.71297852649908,1.79899860280005,187.612427374413,187.612427374413,2.86060606060606
0.418632985562019,1.74009187098116,-0.288793426654195,0.33542358552088,-1.71540322912118,1.79894194710764,193.712252298175,193.712252298175,2.90909090909091
0.408787808368279,1.73859472067351,-0.291091779427037,0.325676238812622,-1.71784831958515,1.79887047707139,199.068052110229,199.068052110229,2.95757575757576
0.398845103141749,1.73702591056935,-0.293375765753337,0.315807661096434,-1.72030237985115,1.79878428407029,203.608967276127,203.608967276127,3.00606060606061
0.388849837328668,1.73539121569107,-0.295633410138738,0.305861842257277,-1.72275406548026,1.79868373127161,207.264138261421,207.264138261421,3.05454545454545
0.378847716652764,1.73369758767778,-0.297853237676847,0.295883973871021,-1.72519213687601,1.798569450285,209.962705531663,209.962705531663,3.1030303030303
0.368885128956001,1.7319531755724,-0.300024342889877,0.285920409599797,-1.72760547592287,1.79844233387736,211.633809552403,211.633809552403,3.15151515151515
0.359009126139039,1.73016733757477,-0.302136441729554,0.276018656006308,-1.72998308899974,1.79830352540366,212.206590789194,212.206590789194,3.2
0.349258412860687,1.72834893493491,-0.304181781869384,0.266218305568482,-1.73231625126641,1.79815426186198,212.206590789194,212.206590789194,3.24848484848485
0.339636181086353,1.72650077496698,-0.306160515318393,0.256523517923228,-1.73460487578934,1.7979953398407,212.206590789194,212.206590789194,3.2969696969697
0.330136991705366,1.72462399330667,-0.308074607669854,0.246929760788546,-1.73685091742484,1.797827386607,212.206590789194,212.206590789194,3.34545454545455
0.320755743359665,1.72271966204534,-0.309925905857771,0.237432795065756,-1.73905621065293,1.79765098524378,212.206590789194,212.206590789194,3.39393939393939
0.311487642900999,1.72078879507973,-0.311716148214641,0.228028648914031,-1.74122248000293,1.79746667852837,212.206590789194,212.206590789194,3.44242424242424
0.302328179089856,1.71883235288728,-0.31344697344101,0.218713594682587,-1.74335134933814,1.797274972379,212.206590789194,212.206590789194,3.49090909090909
0.293273099111412,1.7168512468013,-0.31511992862808,0.209484128325132,-1.74544435014852,1.79707633892613,212.206590789194,212.206590789194,3.53939393939394
0.284318387548054,1.7148463428492,-0.316736476453386,0.200336950978033,-1.74750292897813,1.79687121925724,212.206590789194,212.206590789194,3.58787878787879
0.275460247501264,1.71281846520754,-0.31829800165195,0.191268952430864,-1.7495284540953,1.79666002587618,212.206590789194,212.206590789194,3.63636363636364
0.266695083600064,1.71076839932024,-0.319805816850619,0.182277196257247,-1.7515222214978,1.79644314491252,212.206590789194,212.206590789194,3.68484848484849
0.258019486670375,1.70869689471952,-0.321261167840985,0.173358906406809,-1.75348546033247,1.79622093811099,212.206590789194,212.206590789194,3.73333333333333
0.249430219870849,1.70660466758391,-0.322665238355937,0.164511455086653,-1.75541933779757,1.79599374462712,212.206590789194,212.206590789194,3.78181818181818
0.240924206127073,1.70449240306311,-0.324019154406126,0.155732351784072,-1.75732496358715,1.79576188265149,212.206590789194,212.206590789194,3.83030303030303
0.23249851671837,1.70236075739528,-0.325323988225228,0.147019233301925,-1.75920339392849,1.79552565088208,212.206590789194,212.206590789194,3.87878787878788
0.224150360890348,1.70021035983941,-0.326580761866595,0.138369854694872,-1.76105563525757,1.79528532986158,212.206590789194,212.206590789194,3.92727272727273
0.215877076382544,1.69804181444242,-0.327790450488454,0.12978208100893,-1.76288264757125,1.79504118319447,212.206590789194,212.206590789194,3.97575757575758
0.207676120774335,1.69585570165798,-0.32895398536025,0.121253879739058,-1.76468534749041,1.79479345865661,212.206590789194,212.206590789194,4.02424242424242
0.199628538837892,1.693480005753,-0.331411135483095,0.11269008217607,-1.76625797275651,1.7945176793658,212.206590789194,212.206590789194,4.07272727272727
0.192094833713899,1.69016248996848,-0.341057968512595,0.103684624917347,-1.7667081689274,1.79411449172054,212.206590789194,212.206590789194,4.12121212121212
0.185368384021722,1.68528588169002,-0.363075547458075,0.0938922802069501,-1.76529263040471,1.79349242289569,212.206590789194,212.206590789194,4.16969696969697
0.179576393925341,1.67857820982107,-0.400692826395738,0.083103585208793,-1.76159879957087,1.79252941113819,212.206590789194,212.206590789194,4.21818181818182
0.174684186553107,1.67010723216559,-0.455475767235546,0.0712162268909605,-1.75549004672582,1.79102374164415,212.206590789194,212.206590789194,4.26666666666667
0.170512863504572,1.66024287203843,-0.527565638491419,0.0582189115223058,-1.74706344519376,1.78868934405947,212.206590789194,212.206590789194,4.31515151515152
0.166773210469475,1.64958314219158,-0.615866110018668,0.0441872279339595,-1.73661639254984,1.78519759862726,212.206590789194,212.206590789194,4.36363636363636
0.163115150926493,1.6388479546548,-0.718195940517899,0.0292855717648611,-1.72461264639533,1.78025316890447,212.206590789194,212.206590789194,4.41212121212121
0.159187383050132,1.62875476237311,-0.831434681602028,0.0137660801092298,-1.71163915732136,1.77368162342638,212.206590789194,212.206590789194,4.46060606060606
0.15469687917147,1.61989836351877,-0.951691346523886,-0.00204425523890465,-1.69835121769977,1.7655027635265,212.206590789194,212.206590789194,4.50909090909091
0.149455503863697,1.61265952855599,-1.07451912901937,-0.01777307196468,-1.68541039841779,1.75596708596514,212.206590789194,212.206590789194,4.55757575757576
0.143403284187138,1.60716077211759,-1.19518459558782,-0.0330463497000655,-1.67342375859245,1.74554338339926,212.206590789194,212.206590789194,4.60606060606061
0.136604273412748,1.60327509861625,-1.30898268249031,-0.0475365426589233,-1.66289322183421,1.73485975679699,212.206590789194,212.206590789194,4.65454545454545
0.129218482012635,1.6006805315961,-1.41157626291464,-0.0610016516586388,-1.65418210102651,1.72461288284945,212.206590789194,212.206590789194,4.7030303030303
0.121458808585756,1.59894427244484,-1.49933578098705,-0.0733045538029453,-1.64750227858258,1.71546656294987,212.206590789194,212.206590789194,4.75151515151515
0.113543867323492,1.59761676086153,-1.5696605696248,-0.0844102265690816,-1.64292026289678,1.707958805774,212.206590789194,212.206590789194,4.8
0.105656610123952,1.59631667500933,-1.62127473967189,-0.094368075741991,-1.64037378029587,1.70242906644318,212.206590789194,212.206590789194,4.84848484848485
0.0979160201501971,1.5947914961289,-1.65450097592634,-0.103292590144198,-1.63968534316185,1.69896822013477,212.206590789194,212.206590789194,4.8969696969697
0.0903658936207142,1.59294384723523,-1.67152066939995,-0.111355368955479,-1.64055891132547,1.69738766742684,212.206590789194,212.206590789194,4.94545454545455
0.0829809398110679,1.59082157506609,-1.67662777695921,-0.118795528350923,-1.64255222087152,1.69720218120618,212.206590789194,212.206590789194,4.99393939393939
0.07568629458724,1.58858791540676,-1.67640390851008,-0.125939221549548,-1.64503423319139,1.69754885929071,212.206590789194,212.206590789194,5.04242424242424
0.0684191319642005,1.58676513673175,-1.67624228504321,-0.132924067685083,-1.64740213653944,1.69430818008338,212.206590789194,212.206590789194,5.09090909090909
0.0611742703108584,1.5861559401297,-1.67737523674018,-0.139547776929355,-1.64935992695185,1.68051080111001,212.206590789194,212.206590789194,5.13939393939394
0.0539826759114309,1.58736990458307,-1.68040102587835,-0.145581170177032,-1.65075028502266,1.65126211933317,212.206590789194,212.206590789194,5.18787878787879
0.0469281064251314,1.59085580541708,-1.68561477765697,-0.150726268596309,-1.65156309927492,1.60385538309722,212.206590789194,212.206590789194,5.23636363636364
0.0401514417315877,1.59693777005198,-1.69301909484767,-0.154588140190736,-1.65194957995517,1.53752260869311,212.206590789194,212.206590789194,5.28484848484849
0.0338345582645088,1.60580387174875,-1.7023404786661,-0.156709955275757,-1.65221057818144,1.45318645799504,212.206590789194,212.206590789194,5.33333333333333
0.0281671746824388,1.61745642484488,-1.71305964032069,-0.156664601134111,-1.65275448495093,1.3532024899567,212.206590789194,212.206590789194,5.38181818181818
0.0233042577247554,1.63165204694812,-1.72446747385975,-0.154176634995862,-1.65402639020797,1.24107501739241,212.206590789194,212.206590789194,5.43030303030303
0.0193234071055453,1.64786816566197,-1.73575524543096,-0.149235738973002,-1.65641845377215,1.12113250134517,212.206590789194,212.206590789194,5.47878787878788
0.0161918625726475,1.66532610567172,-1.74613533252452,-0.142161725731257,-1.66018046363199,0.998163021543131,212.206590789194,212.206590789194,5.52727272727273
0.0137516351566995,1.68307939860801,-1.75497173103888,-0.133595034320474,-1.66535471789443,0.877032181707086,212.206590789194,212.206590789194,5.57575757575758
0.0117285407675532,1.70014796479239,-1.76188674642539,-0.124412176146287,-1.67175560856175,0.762322854032113,212.206590789194,212.206590789194,5.62424242424242
0.00976620252652875,1.71565832647828,-1.76681089375349,-0.115591428079122,-1.67900088619065,0.658036212069039,212.206590789194,212.206590789194,5.67272727272727
0.00747973228627176,1.72894836374208,-1.7699593698947,-0.108067438422327,-1.68658459121278,0.567373864064985,212.206590789194,212.206590789194,5.72121212121212
0.00451786837160226,1.73961327431017,-1.77174343425468,-0.102608872873669,-1.69397025041119,0.492591628037152,212.206590789194,212.206590789194,5.76969696969697
0.00061997801413816,1.74749717564247,-1.77264650756391,-0.0997357783644367,-1.70068234410004,0.434891901780641,212.206590789194,212.206590789194,5.81818181818182
-0.00434281348892017,1.75265782212673,-1.77310371499101,-0.0996737709371247,-1.70638182568302,0.394313209155802,212.206590789194,212.206590789194,5.86666666666667
-0.0103467601330887,1.75534036954875,-1.773418887664,-0.102329825187372,-1.71092076537085,0.369581697335534,212.206590789194,212.206590789194,5.91515151515152
-0.0172132073546437,1.75598848898441,-1.77373941971004,-0.107272976944739,-1.71437676703263,0.357903879792003,212.206590789194,212.206590789194,5.96363636363636
-0.0246195860825954,1.75530199499131,-1.77409106747667,-0.113710104497164,-1.71706977935036,0.35469843443888,212.206590789194,212.206590789194,6.01212121212121
-0.0321553458759259,1.75422489453745,-1.77445214636427,-0.12056651936133,-1.71951097972006,0.353913217755511,212.206590789194,212.206590789194,6.06060606060606
-0.0396617670474396,1.75314319451967,-1.77481458829626,-0.127409850420546,-1.72191502662698,0.353118438054411,212.206590789194,212.206590789194,6.10909090909091
-0.0471381647544572,1.75206007360884,-1.77517823141578,-0.134237043589307,-1.72428404725264,0.352292983103535,212.206590789194,212.206590789194,6.15757575757576
-0.0545852178140768,1.75097526035127,-1.77554296256223,-0.141048856728754,-1.72661823558301,0.35143724423023,212.206590789194,212.206590789194,6.20606060606061
-0.0620035869205508,1.74988848932152,-1.77590866791924,-0.147846025635046,-1.72891777958133,0.350551602824039,212.206590789194,212.206590789194,6.25454545454545
-0.0693939154619256,1.74879950088893,-1.77627523305457,-0.154629264965725,-1.73118286142221,0.349636430767938,212.206590789194,212.206590789194,6.3030303030303
-0.0767568302948104,1.74770804099491,-1.77664254295672,-0.161399269118922,-1.73341365771369,0.348692090847714,212.206590789194,212.206590789194,6.35151515151515
-0.0840929424799807,1.7466138609405,-1.77701048206864,-0.168156713068395,-1.73561033970809,0.347718937140827,212.206590789194,212.206590789194,6.4
-0.0914028479813119,1.74551671718346,-1.77737893431849,-0.174902253157229,-1.73777307350213,0.346717315385993,212.206590789194,212.206590789194,6.44848484848485
-0.0986871283303534,1.74441637114434,-1.77774778314788,-0.181636527852783,-1.73990202022715,0.345687563334635,212.206590789194,212.206590789194,6.4969696969697
-0.105946351258701,1.74331258902089,-1.77811691153754,-0.188360158465296,-1.74199733622981,0.344630011085287,212.206590789194,212.206590789194,6.54545454545455
-0.113181071300156,1.74220514161049,-1.77848620203064,-0.195073749832409,-1.74405917324395,0.343544981401917,212.206590789194,212.206590789194,6.59393939393939
-0.120391830364528,1.74109380413987,-1.77885553675389,-0.201777890971663,-1.74608767855395,0.342432790017126,212.206590789194,212.206590789194,6.64242424242424
-0.12757915828481,1.73997835610195,-1.77922479743649,-0.208473155702948,-1.74808299515026,0.341293745921063,212.206590789194,212.206590789194,6.69090909090909
-0.134743573339331,1.7388585810991,-1.77959386542714,-0.215160103242671,-1.7500452618773,0.340128151636873,212.206590789194,212.206590789194,6.73939393939394
-0.141885582750381,1.73773426669269,-1.7799626217091,-0.221839278771371,-1.75197461357427,0.338936303483417,212.206590789194,212.206590789194,6.78787878787879
-0.149005683160708,1.73660520425838,-1.78033094691339,-0.228511213976324,-1.75387118120922,0.337718491825985,212.206590789194,212.206590789194,6.83636363636364
-0.1561043610892,1.73547118884693,-1.78069872133038,-0.235176427570622,-1.75573509200673,0.336475001315628,212.206590789194,212.206590789194,6.88484848484848
-0.163182093366955,1.7343320190501,-1.78106582491957,-0.241835425790098,-1.75756646956945,0.335206111117756,212.206590789194,212.206590789194,6.93333333333333
-0.170239347554889,1.73318749687148,-1.7814321373179,-0.248488702869382,-1.75936543399394,0.333912095130541,212.206590789194,212.206590789194,6.98181818181818
-0.177276582343951,1.73203742760185,-1.78179753784647,-0.255136741498286,-1.76113210198093,0.332593222193696,212.206590789194,212.206590789194,7.03030303030303
-0.184294247938938,1.73088161969883,-1.78216190551581,-0.261780013259665,-1.76286658694045,0.331249756288103,212.206590789194,212.206590789194,7.07878787878788
-0.191292786426853,1.72971988467063,-1.78252511902973,-0.26841897904978,-1.76456899909193,0.329881956726792,212.206590789194,212.206590789194,7.12727272727273
-0.198272632130682,1.72855203696362,-1.78288705678779,-0.27505408948219,-1.76623944555954,0.328490078337688,212.206590789194,212.206590789194,7.17575757575758
-0.205234211949418,1.72737789385349,-1.78324759688649,-0.281685785276078,-1.76787803046302,0.327074371638563,212.206590789194,212.206590789194,7.22424242424242
-0.212177945685106,1.72619727533986,-1.7836066171191,-0.288314497629904,-1.76948485500424,0.325635083004576,212.206590789194,212.206590789194,7.27272727272727
-0.219104246357646,1.72501000404398,-1.78396399497427,-0.294940648581202,-1.77106001754953,0.324172454828771,212.206590789194,212.206590789194,7.32121212121212
-0.226013520508035,1.72381590510963,-1.78431960763346,-0.301564651353307,-1.77260361370817,0.32268672567588,212.206590789194,212.206590789194,7.36969696969697
-0.2329061684907,1.72261480610671,-1.78467333196712,-0.308186910689722,-1.774115736407,0.321178130429765,212.206590789194,212.206590789194,7.41818181818182
-0.239782584755531,1.72140653693759,-1.78502504452969,-0.314807823176843,-1.7755964759615,0.319646900434792,212.206590789194,212.206590789194,7.46666666666667
-0.246643158120199,1.72019092974595,-1.78537462155354,-0.321427777555673,-1.77704592014334,0.318093263631447,212.206590789194,212.206590789194,7.51515151515152
-0.253488272033296,1.71896781882807,-1.78572193894165,-0.328047155023152,-1.77846415424464,0.316517444686452,212.206590789194,212.206590789194,7.56363636363636
-0.260318304828817,1.71773704054623,-1.78606687225929,-0.334666329523672,-1.779851261139,0.314919665117655,212.206590789194,212.206590789194,7.61212121212121
-0.267133629972476,1.71649843324436,-1.78640929672455,-0.341285668031345,-1.78120732133947,0.313300143413929,212.206590789194,212.206590789194,7.66060606060606
-0.27393461630032,1.71525183716555,-1.78674908719776,-0.347905530823528,-1.78253241305359,0.31165909515031,212.206590789194,212.206590789194,7.70909090909091
-0.280721628250069,1.71399709437148,-1.78708611816989,-0.354526271746115,-1.78382661223555,0.30999673309861,212.206590789194,212.206590789194,7.75757575757576
-0.287495026085623,1.71273404866358,-1.78742026374979,-0.361148238471047,-1.78508999263563,0.308313267333696,212.206590789194,212.206590789194,7.80606060606061
-0.294255166115108,1.71146254550581,-1.78775139765043,-0.367771772746512,-1.78632262584699,0.306608905335635,212.206590789194,212.206590789194,7.85454545454545
-0.301002400902864,1.71018243194898,-1.78807939317404,-0.374397210640228,-1.78752458134989,0.304883852087901,212.206590789194,212.206590789194,7.9030303030303
-0.307737079475714,1.70889355655649,-1.78840412319616,-0.381024882776235,-1.78869592655351,0.303138310171816,212.206590789194,212.206590789194,7.95151515151515
-0.314459547523879,1.70759576933141,-1.78872546014866,-0.387655114565576,-1.78983672683527,0.301372479857383,212.206590789194,212.206590789194,8
-0.321170147596848,1.70628892164477,-1.78904327600165,-0.394288226431227,-1.79094704557798,0.2995865591907,212.206590789194,212.206590789194,8.04848484848485
-0.327869219294537,1.70497286616506,-1.78935744224428,-0.40092453402763,-1.79202694420464,0.297780744078068,212.206590789194,212.206590789194,8.0969696969697
-0.334557099454032,1.70364745678872,-1.78966782986454,-0.407564348455167,-1.79307648221113,0.295955228366973,212.206590789194,212.206590789194,8.14545454545454
-0.341234122332198,1.70231254857168,-1.78997430932784,-0.414207976469894,-1.79409571719678,0.294110203924059,212.206590789194,212.206590789194,8.19393939393939
-0.347900619784448,1.70096799766179,-1.79027675055457,-0.420855720688839,-1.79508470489291,0.292245860710234,212.206590789194,212.206590789194,8.24242424242424
-0.358457077191543,1.69871625655571,-1.79071234610656,-0.429935939123602,-1.79564515923399,0.289566710453444,211.633809552403,211.633809552403,8.29090909090909
-0.365378780307951,1.69667176071285,-1.7907868237896,-0.427643056664471,-1.79067914701396,0.289545456289181,209.962705531663,209.962705531663,8.33939393939394
-0.372664483165584,1.69369116525293,-1.79053511231331,-0.413282630741729,-1.7775985840423,0.291850115892448,207.264138261421,207.264138261421,8.38787878787879
-0.380355812756852,1.68962461367695,-1.78985980772453,-0.385465557509236,-1.75491637333451,0.296126918683368,203.608967276127,203.608967276127,8.43636363636364
-0.388414061240229,1.68451447648491,-1.78871043255009,-0.345348740396915,-1.7225223117843,0.301069803403894,199.068052110229,199.068052110229,8.48484848484848
-0.39674376530837,1.67856995211207,-1.78710012108077,-0.295524300391425,-1.68140021678006,0.304950984550429,193.712252298175,193.712252298175,8.53333333333333
-0.405218788015307,1.67212355894837,-1.78511702994908,-0.238911228802526,-1.63330201821947,0.306192442785168,187.612427374413,187.612427374413,8.58181818181818
-0.413702601745937,1.66557385611955,-1.78292012583488,-0.178098372120063,-1.58042746119653,0.303714467786331,180.839436873391,180.839436873391,8.63030303030303
-0.422057246704752,1.659327842703,-1.78072042104959,-0.115245716756712,-1.52521419123212,0.297049382855711,173.464140329559,173.464140329559,8.67878787878788
-0.430142052455586,1.65374806342879,-1.77875001096091,-0.0523856095901224,-1.47027735059656,0.286360469941598,165.557397277364,165.557397277364,8.72727272727273
-0.437808907885368,1.64909815408371,-1.77721505718338,0.00812204659000776,-1.41841621599299,0.272478257138879,157.190067251255,157.190067251255,8.77575757575758
-0.444903310379762,1.64548790144076,-1.77623226340796,0.0632534558016171,-1.37252833525426,0.256934924511951,148.43300978568,148.43300978568,8.82424242424242
-0.45127883407253,1.64284555762513,-1.77577337094135,0.10941475424854,-1.3352949838396,0.241842202994165,139.357084415087,139.357084415087,8.87272727272727
-0.456826459543435,1.64095711022173,-1.77566903851451,0.143216789819854,-1.30862895076776,0.229434595659523,130.033150673925,130.033150673925,8.92121212121212
-0.461511340341233,1.63956982254057,-1.77569919484208,0.162847929816806,-1.29302972417973,0.221295265568886,120.532068096642,120.532068096642,8.96969696969697
-0.465403965807406,1.63848937782259,-1.77571362843751,0.169476431300107,-1.2870434137777,0.21760613631611,110.924696217687,110.924696217687,9.01818181818182
-0.468696220317854,1.63759454393184,-1.77568297840972,0.168008277617779,-1.28693322063095,0.2168506925694,101.281894571507,101.281894571507,9.06666666666667
-0.471639189673092,1.63701205144754,-1.77576131482151,0.165947123071749,-1.28882331936459,0.216954949767302,91.6745226925518,91.6745226925518,9.11515151515152
-0.47430294705832,1.63763200847757,-1.77645654983037,0.167974902889226,-1.29565356065567,0.218578211969655,82.1734401152689,82.1734401152689,9.16363636363636
-0.476699544550736,1.64015274039408,-1.77814292437535,0.176447515669414,-1.31056684704889,0.222763526900052,72.849506374107,72.849506374107,9.21212121212121
-0.478842318124119,1.64486758597207,-1.78094698962389,0.192338323278671,-1.3349053505326,0.230204362289819,63.7735810035143,63.7735810035143,9.26060606060606
-0.480749234811419,1.65173352972425,-1.78478195902398,0.215505678888258,-1.36851843039308,0.241329151759835,55.0165235379392,55.0165235379392,9.30909090909091
-0.482443504249675,1.66044174557897,-1.78940323634322,0.244991039624508,-1.41008657770354,0.256283264714949,46.6491935118299,46.6491935118299,9.35757575757576
-0.483950804881813,1.67048785838965,-1.79447566143386,0.279290707594201,-1.45744365782237,0.274854899425049,38.742450459635,38.742450459635,9.40606060606061
-0.485293672751548,1.68124033902191,-1.79963914117209,0.316550546783651,-1.5078758752623,0.296401174761659,31.3671539158026,31.3671539158026,9.45454545454546
-0.486485050688321,1.69200748381896,-1.80456162911265,0.354679032358265,-1.55838855434943,0.319815239995287,24.5941634147812,24.5941634147812,9.5030303030303
-0.487523942234455,1.70210466216239,-1.80897321281305,0.391425716035088,-1.60595353210296,0.343565107558589,18.4943384910191,18.4943384910191,9.55151515151515
-0.488395991835371,1.71092199826469,-1.81268039288378,0.42450145922757,-1.64776538574604,0.365835349528234,13.1385386789647,13.1385386789647,9.6
-0.48908036699251,1.71798958686807,-1.8155659473649,0.451809328058017,-1.68153271159204,0.384794626320537,8.59762351306639,8.59762351306639,9.64848484848485
-0.489561791846221,1.72303712605235,-1.8175860604864,0.471808037651351,-1.70581236164243,0.398976483570058,4.94245252777237,4.94245252777237,9.6969696969697
-0.48984407948123,1.72604929317511,-1.81877721820068,0.483958058239023,-1.72037044933622,0.407704598669387,2.24388525753102,2.24388525753102,9.74545454545455
-0.489960608628966,1.72732238213316,-1.81927749653615,0.489144180022795,-1.72653723429447,0.41145352858641,0.572781236790797,0.572781236790797,9.79393939393939
-0.489978816587065,1.72752657120169,-1.81935751552359,0.489978816587064,-1.72752657120169,0.412057927148871,0,0,9.84242424242424
-0.489978816587065,1.72752657120169,-1.81935751552359,0.489978816587064,-1.72752657120169,0.412057927148871,0.572781236790823,0.572781236790823,9.89090909090909
-0.489978816587065,1.72752657120169,-1.81935751552359,0.489978816587064,-1.72752657120169,0.412057927148871,2.24388525753106,2.24388525753106,9.93939393939394
-0.489978816587065,1.72752657120169,-1.81935751552359,0.489978816587064,-1.72752657120169,0.412057927148871,4.94245252777235,4.94245252777235,9.98787878787879
-0.489978816587065,1.72752657120169,-1.81935751552359,0.489978816587064,-1.72752657120169,0.412057927148871,8.59762351306637,8.59762351306637,10.0363636363636
-0.489978816587065,1.72752657120169,-1.81935751552359,0.489978816587064,-1.72752657120169,0.412057927148871,13.1385386789647,13.1385386789647,10.0848484848485
-0.489978816587065,1.72752657120169,-1.81935751552359,0.489978816587064,-1.72752657120169,0.412057927148871,18.4943384910191,18.4943384910191,10.1333333333333
-0.489978816587065,1.72752657120169,-1.81935751552359,0.489978816587064,-1.72752657120169,0.412057927148871,24.5941634147812,24.5941634147812,10.1818181818182
-0.489978816587065,1.72752657120169,-1.81935751552359,0.489978816587064,-1.72752657120169,0.412057927148871,31.3671539158026,31.3671539158026,10.230303030303
-0.489978816587065,1.72752657120169,-1.81935751552359,0.489978816587064,-1.72752657120169,0.412057927148871,38.7424504596349,38.7424504596349,10.2787878787879
-0.489978816587065,1.72752657120169,-1.81935751552359,0.489978816587064,-1.72752657120169,0.412057927148871,46.6491935118299,46.6491935118299,10.3272727272727
-0.489978816587065,1.72752657120169,-1.81935751552359,0.489978816587064,-1.72752657120169,0.412057927148871,55.0165235379391,55.0165235379391,10.3757575757576
-0.489978816587065,1.72752657120169,-1.81935751552359,0.489978816587064,-1.72752657120169,0.412057927148871,63.7735810035143,63.7735810035143,10.4242424242424
-0.489978816587065,1.72752657120169,-1.81935751552359,0.489978816587064,-1.72752657120169,0.412057927148871,72.849506374107,72.849506374107,10.4727272727273
-0.489978816587065,1.72752657120169,-1.81935751552359,0.489978816587064,-1.72752657120169,0.412057927148871,82.173440115269,82.173440115269,10.5212121212121
-0.489978816587065,1.72752657120169,-1.81935751552359,0.489978816587064,-1.72752657120169,0.412057927148871,91.6745226925518,91.6745226925518,10.569696969697
-0.489978816587065,1.72752657120169,-1.81935751552359,0.489978816587064,-1.72752657120169,0.412057927148871,101.281894571507,101.281894571507,10.6181818181818
-0.489978816587065,1.72752657120169,-1.81935751552359,0.489978816587064,-1.72752657120169,0.412057927148871,110.924696217687,110.924696217687,10.6666666666667
-0.489978816587065,1.72752657120169,-1.81935751552359,0.489978816587064,-1.72752657120169,0.412057927148871,120.532068096642,120.532068096642,10.7151515151515
-0.489978816587065,1.72752657120169,-1.81935751552359,0.489978816587065,-1.72752657120169,0.412057927148871,130.033150673925,130.033150673925,10.7636363636364
-0.489978816587065,1.72752657120169,-1.81935751552359,0.489978816587064,-1.72752657120169,0.412057927148871,139.357084415087,139.357084415087,10.8121212121212
-0.489978816587065,1.72752657120169,-1.81935751552359,0.489978816587064,-1.72752657120169,0.412057927148871,148.433009785679,148.433009785679,10.8606060606061
-0.489978816587065,1.72752657120169,-1.81935751552359,0.489978816587064,-1.72752657120169,0.412057927148871,157.190067251255,157.190067251255,10.9090909090909
-0.489978816587065,1.72752657120169,-1.81935751552359,0.489978816587064,-1.72752657120169,0.412057927148871,165.557397277364,165.557397277364,10.9575757575758
-0.489978816587065,1.72752657120169,-1.81935751552359,0.489978816587064,-1.72752657120169,0.412057927148871,173.464140329559,173.464140329559,11.0060606060606
-0.489978816587065,1.72752657120169,-1.81935751552359,0.489978816587064,-1.72752657120169,0.412057927148871,180.839436873391,180.839436873391,11.0545454545455
-0.489978816587065,1.72752657120169,-1.81935751552359,0.489978816587064,-1.72752657120169,0.412057927148871,187.612427374413,187.612427374413,11.1030303030303
-0.489978816587065,1.72752657120169,-1.81935751552359,0.489978816587064,-1.72752657120169,0.412057927148871,193.712252298175,193.712252298175,11.1515151515152
-0.489978816587065,1.72752657120169,-1.81935751552359,0.489978816587064,-1.72752657120169,0.412057927148871,199.068052110229,199.068052110229,11.2
-0.489978816587065,1.72752657120169,-1.81935751552359,0.489978816587064,-1.72752657120169,0.412057927148871,203.608967276127,203.608967276127,11.2484848484848
-0.489978816587065,1.72752657120169,-1.81935751552359,0.489978816587064,-1.72752657120169,0.412057927148871,207.264138261421,207.264138261421,11.2969696969697
-0.489978816587065,1.72752657120169,-1.81935751552359,0.489978816587064,-1.72752657120169,0.412057927148871,209.962705531663,209.962705531663,11.3454545454545
-0.489978816587065,1.72752657120169,-1.81935751552359,0.489978816587064,-1.72752657120169,0.412057927148871,211.633809552403,211.633809552403,11.3939393939394
-0.489978816587065,1.72752657120169,-1.81935751552359,0.489978816587064,-1.72752657120169,0.412057927148871,212.206590789194,212.206590789194,11.4424242424242
