0.48779463771911,-1.72463033211399,0.502083662087899,-0.489415228008647,1.72596282941795,-0.502828045221545,211.633809552403,211.633809552403,0.0484848484848485
0.477518127635843,-1.71398592328768,0.496467555938231,-0.489251984990246,1.72365805667329,-0.501803112121269,209.962705531663,209.962705531663,0.096969696969697
0.453452070331228,-1.68885626059733,0.483631798677699,-0.488876439883372,1.71822134949736,-0.499350134333717,207.264138261421,207.264138261421,0.145454545454545
0.414087230039529,-1.64719521914476,0.463636566553033,-0.488283094734252,1.70922320818342,-0.495180269657099,203.608967276127,203.608967276127,0.193939393939394
0.36083020011079,-1.58992500081161,0.438701212825594,-0.487522573770827,1.69688768427783,-0.489236875691323,199.068052110229,199.068052110229,0.242424242424242
0.296729171113718,-1.52007375712959,0.412201805164937,-0.486670643837464,1.68190024397945,-0.481653261722238,193.712252298175,193.712252298175,0.290909090909091
0.225217551911358,-1.44180039123861,0.387591285338025,-0.485795042969423,1.66518346355702,-0.472709361129715,187.612427374413,187.612427374413,0.339393939393939
0.149367611443849,-1.35959544608752,0.367679103502991,-0.484935876459391,1.64770775383981,-0.462790373570584,180.839436873391,180.839436873391,0.387878787878788
0.07176467232133,-1.27781088245828,0.354327053111276,-0.484104825153215,1.63037813657508,-0.452355227092243,173.464140329559,173.464140329559,0.436363636363636
-0.00517804563170738,-1.20046653320737,0.348356616605626,-0.483298455036942,1.61399378373734,-0.441917446638534,165.557397277364,165.557397277364,0.484848484848485
-0.0787383787143053,-1.13115095338907,0.349466283408971,-0.482517271946002,1.59924680352966,-0.432029352985343,157.190067251255,157.190067251255,0.533333333333333
-0.145538618428866,-1.07283995907294,0.356142231552953,-0.481781785968034,1.58672077647514,-0.423251568389271,148.43300978568,148.43300978568,0.581818181818182
-0.201666393131779,-1.02758164378321,0.365771375332074,-0.481136732436913,1.57686067599059,-0.416090990888657,139.357084415087,139.357084415087,0.63030303030303
-0.243517139529173,-0.996153217672311,0.375235795437674,-0.480637525066909,1.56990541108265,-0.410904362711205,130.033150673925,130.033150673925,0.678787878787879
-0.26925230335534,-0.977825544465737,0.381985832469207,-0.480322571428465,1.5657947758584,-0.407785483355198,120.532068096642,120.532068096642,0.727272727272727
-0.280275318415045,-0.970208762240114,0.385087480066809,-0.48018581701593,1.56407233964986,-0.406466668532129,110.924696217687,110.924696217687,0.775757575757576
-0.282043715631592,-0.968999850405438,0.385596641702163,-0.480163775248471,1.56379813207638,-0.406256062157557,101.281894571507,101.281894571507,0.824242424242424
-0.28440411384749,-0.971576570785508,0.387504255581918,-0.480073565113506,1.56388220963389,-0.406397505295612,91.6745226925518,91.6745226925518,0.872727272727273
-0.29878178934518,-0.987539878513862,0.399080442035451,-0.47952110426713,1.56442427290852,-0.4072806128943,82.1734401152689,82.1734401152689,0.921212121212121
-0.330622267822895,-1.02458242117007,0.42442706423681,-0.478279387839579,1.56581336885495,-0.409369896510121,72.849506374107,72.849506374107,0.96969696969697
-0.378168244926614,-1.0844764193944,0.461400754545198,-0.476378814745255,1.56839512673938,-0.412836009297742,63.7735810035143,63.7735810035143,1.01818181818182
-0.435389626688149,-1.16430435839341,0.504146901096792,-0.474023009619724,1.5723374947641,-0.417538788011346,55.0165235379392,55.0165235379392,1.06666666666667
-0.496113918265793,-1.25862393328669,0.546787115040105,-0.471460636551755,1.57747899401375,-0.423059998066041,46.6491935118299,46.6491935118299,1.11515151515152
-0.556349360490854,-1.36162667908708,0.585515636045752,-0.468898941474607,1.58333712106354,-0.428819524078666,38.742450459635,38.742450459635,1.16363636363636
-0.614333680686481,-1.46831295198508,0.618667308519342,-0.466485137759963,1.58922216442167,-0.434196292807015,31.3671539158026,31.3671539158026,1.21212121212121
-0.669556859887642,-1.57449666534153,0.645941196732425,-0.46432935035035,1.59431168188748,-0.43857902704287,24.5941634147812,24.5941634147812,1.26060606060606
-0.721742142531956,-1.67612395356967,0.667750397190943,-0.46253842952396,1.59764241266621,-0.441361914736216,18.4943384910191,18.4943384910191,1.30909090909091
-0.770098615659606,-1.76857151736855,0.684964054162034,-0.46124026730013,1.59810781175968,-0.441974555082298,13.1385386789647,13.1385386789647,1.35757575757576
-0.812908285683538,-1.84652559784435,0.698786751206307,-0.460571705419375,1.59471945858231,-0.440103227006275,8.59762351306639,8.59762351306639,1.40606060606061
-0.847503226783708,-1.90487375328842,0.710140540196504,-0.460571150561585,1.58763475110032,-0.436271884853798,4.94245252777237,4.94245252777237,1.45454545454545
-0.870837179287464,-1.94076563160717,0.718532136250832,-0.460977171891248,1.5796734330477,-0.432302262101594,2.24388525753102,2.24388525753102,1.5030303030303
-0.881586528995129,-1.95610228917894,0.722698542222596,-0.461303560282595,1.57496355038451,-0.430113798398486,0.572781236790797,0.572781236790797,1.55151515151515
-0.883370257608643,-1.95856538654756,0.723409608617924,-0.461367052540104,1.57411468277521,-0.429731680403413,0,0,1.6
-0.883327739893362,-1.95854317808455,0.723408360097071,-0.461320759835449,1.57412862756992,-0.429754882247916,0.572781236790823,0.572781236790823,1.64848484848485
-0.883035777825202,-1.95839066247328,0.723399736643457,-0.461002889977662,1.5742244376178,-0.429914215944512,2.24388525753106,2.24388525753106,1.6969696969697
-0.882262782848336,-1.95798674837564,0.723376483415051,-0.460161423974749,1.57447855369085,-0.430336153788642,4.94245252777235,4.94245252777235,1.74545454545455
-0.880803185400702,-1.95722360967935,0.723330907420557,-0.458573024246322,1.57496016824683,-0.431133216628634,8.59762351306637,8.59762351306637,1.79393939393939
-0.878486478495002,-1.95601114500828,0.723254097049439,-0.456053206151161,1.5757293826685,-0.432399237862771,13.1385386789647,13.1385386789647,1.84242424242424
-0.875185671689871,-1.95428119406207,0.723135209491617,-0.452465883435596,1.57683547770749,-0.434204896375566,18.4943384910191,18.4943384910191,1.89090909090909
-0.870822340046766,-1.95199015396629,0.722961080354574,-0.4477291454301,1.57831586585538,-0.436594966224717,24.5941634147812,24.5941634147812,1.93939393939394
-0.865366467530312,-1.94911911668411,0.722716314253508,-0.441815247398951,1.58019609031369,-0.439588218013335,31.3671539158026,31.3671539158026,1.98787878787879
-0.858831024925609,-1.94567147231742,0.722383852696213,-0.4347447259388,1.58249088513453,-0.443180024032064,38.7424504596349,38.7424504596349,2.03636363636364
-0.851262835253895,-1.94166869130857,0.721945866698502,-0.426576344065546,1.58520598644457,-0.447346897413428,46.6491935118299,46.6491935118299,2.08484848484848
-0.842732025149729,-1.93714536100666,0.721384755283209,-0.417395405166589,1.58834023418682,-0.45205180990243,55.0165235379391,55.0165235379391,2.13333333333333
-0.833322120381927,-1.93214444980975,0.720684057372183,-0.407302717735687,1.59188755145345,-0.457249245718752,63.7735810035143,63.7735810035143,2.18181818181818
-0.823122038315829,-1.92671340042766,0.719829163015668,-0.396405607297707,1.59583854984023,-0.462889349951714,72.849506374107,72.849506374107,2.23030303030303
-0.81222038276063,-1.92090125810514,0.718807790826213,-0.384811436609709,1.60018167924967,-0.46892095538731,82.173440115269,82.173440115269,2.27878787878788
-0.800701862509007,-1.91475676438063,0.717610253415749,-0.372623448576507,1.60490395784117,-0.475293566816684,91.6745226925518,91.6745226925518,2.32727272727273
-0.788645384156115,-1.90832721728839,0.716229557360551,-0.359938445090367,1.6099913722149,-0.481958520195227,101.281894571507,101.281894571507,2.37575757575758
-0.776123325209685,-1.90165787510398,0.714661387420223,-0.346845763619483,1.61542904689421,-0.488869558573247,110.924696217687,110.924696217687,2.42424242424242
-0.763201564603536,-1.89479171160097,0.71290401710195,-0.333427090161346,1.62120126789974,-0.495983032691261,120.532068096642,120.532068096642,2.47272727272727
-0.749939954598814,-1.88776937904231,0.710958176835707,-0.319756763940307,1.62729142372823,-0.503257881642819,130.033150673925,130.033150673925,2.52121212121212
-0.736393018634346,-1.88062928100456,0.70882690099037,-0.305902339419414,1.63368190681053,-0.510655499283252,139.357084415087,139.357084415087,2.56969696969697
-0.722610738553065,-1.87340769327093,0.706515367140303,-0.291925257674401,1.64035400262984,-0.518139552966156,148.433009785679,148.433009785679,2.61818181818182
-0.708639350381058,-1.86613889664155,0.704030735482002,-0.277881540292521,1.64728778242039,-0.525675793524847,157.190067251255,157.190067251255,2.66666666666667
-0.694522104564196,-1.85885530241259,0.701381992682049,-0.263822459160995,1.65446200792,-0.533231877196412,165.557397277364,165.557397277364,2.71515151515152
-0.680299969462889,-1.85158756182795,0.698579802197951,-0.249795160482634,1.66185405197841,-0.540777208848936,173.464140329559,173.464140329559,2.76363636363636
-0.666012270470223,-1.84436465707028,0.695636361811883,-0.235843236042842,1.66943983602402,-0.548282809181969,180.839436873391,180.839436873391,2.81212121212121
-0.651697264713914,-1.83721397487513,0.692565268426582,-0.222007242849442,1.67719378378948,-0.555721204850071,187.612427374413,187.612427374413,2.86060606060606
-0.637392655240379,-1.83016136568835,0.689381389868086,-0.208325176319892,1.68508878982575,-0.563066338552656,193.712252298175,193.712252298175,2.90909090909091
-0.623136050367322,-1.82323119213576,0.686100743374606,-0.194832903861411,1.69309620089156,-0.570293495282693,199.068052110229,199.068052110229,2.95757575757576
-0.608965374476019,-1.81644637087172,0.682740380531687,-0.181564566023283,1.70118580809707,-0.577379240653785,203.608967276127,203.608967276127,3.00606060606061
-0.594919236471824,-1.80982841188517,0.679318278582934,-0.168552952034892,1.70932584758979,-0.584301367236185,207.264138261421,207.264138261421,3.05454545454545
-0.581037261811637,-1.80339745922414,0.675853238267275,-0.155829855856761,1.71748300752572,-0.591038844951394,209.962705531663,209.962705531663,3.1030303030303
-0.567360393575426,-1.79717233694463,0.672364788585481,-0.143426418085187,1.72562243902802,-0.597571771699094,211.633809552403,211.633809552403,3.15151515151515
-0.553931167653881,-1.79117060394827,0.668873099165986,-0.131373458289298,1.73370776877454,-0.603881320460014,212.206590789194,212.206590789194,3.2
-0.540781836868972,-1.78540335188442,0.665395668205177,-0.119691078906812,1.74170852785965,-0.609955233730144,212.206590789194,212.206590789194,3.24848484848485
-0.527898689430335,-1.77986048987422,0.661937317732983,-0.108358065490484,1.74962266169817,-0.615803430641245,212.206590789194,212.206590789194,3.2969696969697
-0.515259099868247,-1.77452822046805,0.658499465985202,-0.097346078291842,1.75745477838761,-0.621439732736082,212.206590789194,212.206590789194,3.34545454545455
-0.502843251871758,-1.769394285685,0.655083338772087,-0.0866300845089247,1.76520890350532,-0.626876352450945,212.206590789194,212.206590789194,3.39393939393939
-0.490633683035524,-1.76444772736464,0.651690003436268,-0.0761878324473529,1.77288857284956,-0.632124143543355,212.206590789194,212.206590789194,3.44242424242424
-0.478614919635469,-1.75967869379463,0.648320395685573,-0.0659994286138343,1.78049690689225,-0.637192802950543,212.206590789194,212.206590789194,3.49090909090909
-0.466773180639444,-1.75507828209212,0.644975341005526,-0.0560469941160999,1.78803667115875,-0.642091035160208,212.206590789194,212.206590789194,3.53939393939394
-0.455096135599591,-1.75063840853972,0.641655571899691,-0.0463143828988235,1.79551032564881,-0.646826687299925,212.206590789194,212.206590789194,3.58787878787879
-0.443572704935823,-1.74635170101679,0.638361741884109,-0.0367869487207835,1.80292006563034,-0.65140686110519,212.206590789194,212.206590789194,3.63636363636364
-0.432192893903723,-1.74221140906902,0.635094436931627,-0.0274513509361667,1.81026785557368,-0.655838006447534,212.206590789194,212.206590789194,3.68484848484849
-0.420947653574454,-1.73821132818751,0.631854184894762,-0.0182953914531036,1.81755545758188,-0.660126000021039,212.206590789194,212.206590789194,3.73333333333333
-0.409828763659556,-1.73434573563226,0.628641463312867,-0.00930787695418769,1.82478445536697,-0.664276211982171,212.206590789194,212.206590789194,3.78181818181818
-0.398828733140485,-1.73060933570772,0.625456705918107,-0.000478501746813076,1.8319562745938,-0.668293562734766,212.206590789194,212.206590789194,3.83030303030303
-0.387940715515567,-1.72699721283402,0.622300308086092,0.00820225241666696,1.83907220024003,-0.672182571594572,212.206590789194,212.206590789194,3.87878787878788
-0.377158436128921,-1.72350479109079,0.619172631425023,0.0167432024648922,1.84613339148807,-0.675947398717191,212.206590789194,212.206590789194,3.92727272727273
-0.366476129548759,-1.72012779916908,0.616074007657289,0.0251525384207714,1.85314089456326,-0.679591881402133,212.206590789194,212.206590789194,3.97575757575758
-0.355888485353828,-1.71686223986868,0.613004741916707,0.0334378879954535,1.86009565385253,-0.683119565674229,212.206590789194,212.206590789194,4.02424242424242
-0.345390600993781,-1.71370436343647,0.609965115560595,0.0416063729045994,1.86699852157561,-0.686533733877278,212.206590789194,212.206590789194,4.07272727272727
-0.334977940631907,-1.71065064416797,0.606955388577055,0.0496646581701176,1.87385026623146,-0.689837428882994,212.206590789194,212.206590789194,4.12121212121212
-0.324646299071871,-1.70769775979409,0.603975801653017,0.0576189954485885,1.88065158000338,-0.693033475413102,212.206590789194,212.206590789194,4.16969696969697
-0.314391770024969,-1.7048425732566,0.601026577956724,0.0654752612494654,1.88740308527458,-0.696124498887937,212.206590789194,212.206590789194,4.21818181818182
-0.304210718099256,-1.70208211654063,0.598107924678925,0.0732389907622999,1.8941053403806,-0.699112942146483,212.206590789194,212.206590789194,4.26666666666667
-0.294099753993272,-1.69941357628631,0.595220034369404,0.0809154078953582,1.90075884470454,-0.702001080327272,212.206590789194,212.206590789194,4.31515151515152
-0.284055712459731,-1.69683428094485,0.592363086099308,0.0885094520325248,1.90736404320383,-0.704791034154012,212.206590789194,212.206590789194,4.36363636363636
-0.27407563267239,-1.6943416892804,0.589537246474734,0.0960258019369374,1.91392133044391,-0.707484781832475,212.206590789194,212.206590789194,4.41212121212121
-0.264156740685188,-1.69193338004867,0.586742670522921,0.103468897165061,1.92043105420229,-0.710084169734226,212.206590789194,212.206590789194,4.46060606060606
-0.254296433719121,-1.6896070427079,0.583979502469019,0.110842957301188,1.92689351869753,-0.712590922017109,212.206590789194,212.206590789194,4.50909090909091
-0.244492266050798,-1.68736046903848,0.58124787641864,0.118151999277579,1.93330898748923,-0.715006649311004,212.206590789194,212.206590789194,4.55757575757576
-0.234741936308908,-1.6851915455645,0.578547916959063,0.125399853008005,1.93967768608927,-0.717332856579398,212.206590789194,212.206590789194,4.60606060606061
-0.225043276011836,-1.68309824668549,0.575879739690079,0.132590175530951,1.94599980431819,-0.719570950252232,212.206590789194,212.206590789194,4.65454545454545
-0.215394239202442,-1.68107862843833,0.573243451693811,0.139726463832158,1.95227549843673,-0.721722244712703,212.206590789194,212.206590789194,4.7030303030303
-0.205792893055346,-1.67913082282029,0.570639151951558,0.146812066493704,1.95850489307794,-0.723787968209912,212.206590789194,212.206590789194,4.75151515151515
-0.196237409348339,-1.67725303261265,0.568066931714514,0.153850194297636,1.96468808300258,-0.725769268260019,212.206590789194,212.206590789194,4.8
-0.186726056703573,-1.67544352665205,0.565526874834312,0.1608439298959,1.97082513469697,-0.727667216590715,212.206590789194,212.206590789194,4.84848484848485
-0.177257193516012,-1.67370063550331,0.563019058058497,0.167796236644306,1.97691608783068,-0.729482813677083,212.206590789194,212.206590789194,4.8969696969697
-0.167829261496886,-1.67202274749293,0.560543551295364,0.174709966686269,1.98296095658897,-0.73121699291113,212.206590789194,212.206590789194,4.94545454545455
-0.158440779768666,-1.6704083050674,0.558100417851992,0.181587868361763,1.98895973089309,-0.732870624442276,212.206590789194,212.206590789194,4.99393939393939
-0.149090339455641,-1.66885580144452,0.555689714648824,0.18843259300796,1.9949123775203,-0.734444518721784,212.206590789194,212.206590789194,5.04242424242424
-0.139776598720739,-1.66736377752965,0.5533114924137,0.19524670121033,2.00081884113378,-0.735939429780346,212.206590789194,212.206590789194,5.09090909090909
-0.130498278204919,-1.66593081907194,0.550965795857876,0.202032668556236,2.00667904523166,-0.737356058264824,212.206590789194,212.206590789194,5.13939393939394
-0.121254156830397,-1.66455555403835,0.548652663836264,0.208792890937229,2.01249289302326,-0.738695054257263,212.206590789194,212.206590789194,5.18787878787879
-0.112043067933289,-1.66323665018555,0.546372129493829,0.21552968944111,2.01826026823996,-0.739957019896852,212.206590789194,212.206590789194,5.23636363636364
-0.10286389569499,-1.66197281281209,0.544124220399862,0.222245314870403,2.02398103588698,-0.741142511823323,212.206590789194,212.206590789194,5.28484848484849
-0.0937155718449533,-1.66076278267502,0.541908958671634,0.228941951919919,2.02965504294209,-0.742252043458356,212.206590789194,212.206590789194,5.33333333333333
-0.0845970726103851,-1.6596053340566,0.539726361088746,0.235621723042662,2.03528211900637,-0.74328608713991,212.206590789194,212.206590789194,5.38181818181818
-0.0755074158909308,-1.6584992729685,0.537576439199361,0.242286692030294,2.04086207691177,-0.74424507612289,212.206590789194,212.206590789194,5.43030303030303
-0.0664456586386977,-1.65744343548185,0.535459199419342,0.248938867331683,2.04639471328976,-0.745129406458263,212.206590789194,212.206590789194,5.47878787878788
-0.0574108944259047,-1.65643668617283,0.533374643125211,0.255580205130692,2.05187980910482,-0.74593943876159,212.206590789194,212.206590789194,5.52727272727273
-0.0484022511842348,-1.65547791667443,0.531322766741749,0.262212612202264,2.05731713015632,-0.746675499880864,212.206590789194,212.206590789194,5.57575757575758
-0.0394188891015172,-1.65456604432583,0.52930356182495,0.268837948563979,2.06270642755203,-0.747337884472706,212.206590789194,212.206590789194,5.62424242424242
-0.0304599986627439,-1.65370001091178,0.527317015140979,0.275458029938616,2.06804743815595,-0.747926856495065,212.206590789194,212.206590789194,5.67272727272727
-0.021524798823664,-1.65287878148503,0.525363108741691,0.282074630041756,2.0733398850133,-0.748442650623903,212.206590789194,212.206590789194,5.72121212121212
-0.0126125353062983,-1.65210134326529,0.523441820037236,0.288689482707139,2.07858347775488,-0.74888547360068,212.206590789194,212.206590789194,5.76969696969697
-0.00372247900669725,-1.65136670460918,0.52155312186619,0.295304283861332,2.08377791298321,-0.749255505516826,212.206590789194,212.206590789194,5.81818181818182
0.00514607549385631,-1.65067389404568,0.519696982563633,0.301920693358164,2.08892287464227,-0.749552901040944,212.206590789194,212.206590789194,5.86666666666667
0.0139938113222112,-1.65002195937245,0.517873366027519,0.308540336682482,2.09401803437276,-0.749777790593906,212.206590789194,212.206590789194,5.91515151515152
0.0228213906185804,-1.64940996680843,0.516082231783681,0.3151648065319,2.09906305185471,-0.749930281476688,212.206590789194,212.206590789194,5.96363636363636
0.0316294557603131,-1.64883700019889,0.51432353504975,0.321795664284453,2.1040575751388,-0.75001045895531,212.206590789194,212.206590789194,6.01212121212121
0.040418630510299,-1.64830216026904,0.512597226798258,0.328434441359402,2.10900124096797,-0.750018387306959,212.206590789194,212.206590789194,6.06060606060606
0.049189521095587,-1.64780456392295,0.510903253819151,0.335082640477784,2.11389367509066,-0.749954110831009,212.206590789194,212.206590789194,6.10909090909091
0.0579427172213364,-1.64734334358459,0.509241558781935,0.341741736828779,2.11873449256687,-0.749817654828401,212.206590789194,212.206590789194,6.15757575757576
0.0666787930247827,-1.64691764657804,0.507612080297629,0.348413179147424,2.12352329806822,-0.749609026552561,212.206590789194,212.206590789194,6.20606060606061
0.0753983079735435,-1.64652663454441,0.506014752980711,0.355098390708798,2.12825968617299,-0.749328216134764,212.206590789194,212.206590789194,6.25454545454545
0.0841018077122206,-1.6461694828928,0.504449507511196,0.361798770243344,2.1329432416573,-0.748975197486707,212.206590789194,212.206590789194,6.3030303030303
0.0927898248609511,-1.6458453802832,0.502916270696987,0.368515692777668,2.13757353978311,-0.748549929182746,212.206590789194,212.206590789194,6.35151515151515
0.10146287976928,-1.64555352813906,0.501414965536625,0.375250510404793,2.14215014658406,-0.748052355324158,212.206590789194,212.206590789194,6.4
0.110121481228455,-1.64529314018779,0.499945511282541,0.382004552987555,2.14667261914981,-0.74748240638754,212.206590789194,212.206590789194,6.44848484848485
0.118766127145013,-1.64506344202714,0.498507823504905,0.388779128798571,2.15114050590965,-0.746840000059339,212.206590789194,212.206590789194,6.4969696969697
0.127397305178314,-1.644863670716,0.497101814156161,0.395575525099938,2.15555334691603,-0.746125042058347,212.206590789194,212.206590789194,6.54545454545455
0.136015493344488,-1.64469307438781,0.495727391636318,0.402395008665629,2.15991067412861,-0.745337426947815,212.206590789194,212.206590789194,6.59393939393939
0.144621160589044,-1.64455091188536,0.494384460859066,0.409238826249341,2.16421201169935,-0.74447703893877,212.206590789194,212.206590789194,6.64242424242424
0.153214767330287,-1.64443645241535,0.493072923318758,0.416108205000374,2.16845687625916,-0.743543752685942,212.206590789194,212.206590789194,6.69090909090909
0.161796765975476,-1.64434897522163,0.491792677158319,0.423004352829961,2.17264477720662,-0.742537434077601,212.206590789194,212.206590789194,6.73939393939394
0.17036760141155,-1.64428776927571,0.490543617238107,0.429928458730351,2.17677521699909,-0.741457941020497,212.206590789194,212.206590789194,6.78787878787879
0.178927711472122,-1.64425213298365,0.489325635205748,0.436881693048764,2.18084769144657,-0.740305124221001,212.206590789194,212.206590789194,6.83636363636364
0.187477527382304,-1.64424137390793,0.488138619566979,0.443865207718305,2.1848616900087,-0.739078827963397,212.206590789194,212.206590789194,6.88484848484848
0.196017474182839,-1.64425480850354,0.486982455757495,0.450880136447757,2.18881669609514,-0.737778890886221,212.206590789194,212.206590789194,6.93333333333333
0.204547971134898,-1.64429176186725,0.485857026215797,0.457927594872119,2.19271218736952,-0.736405146757434,212.206590789194,212.206590789194,6.98181818181818
0.213069432106829,-1.64435156749905,0.484762210457051,0.465008680665687,2.19654763605723,-0.734957425249105,212.206590789194,212.206590789194,7.03030303030303
0.221582265944036,-1.64443356707498,0.483697885147922,0.472124473619383,2.20032250925706,-0.733435552712211,212.206590789194,212.206590789194,7.07878787878788
0.230086876823097,-1.6445371102305,0.482663924182367,0.479276035684015,2.20403626925697,-0.731839352952075,212.206590789194,212.206590789194,7.12727272727273
0.238583664591183,-1.64466155435359,0.481660198758353,0.486464410981078,2.20768837385394,-0.730168648004854,212.206590789194,212.206590789194,7.17575757575758
0.247073025091715,-1.6448062643868,0.480686577455449,0.493690625782679,2.21127827667793,-0.728423258915442,212.206590789194,212.206590789194,7.22424242424242
0.255555350477199,-1.64497061263751,0.479742926313249,0.500955688462148,2.21480542751998,-0.726603006517039,212.206590789194,212.206590789194,7.27272727272727
0.264031029510068,-1.64515397859575,0.47882910891055,0.508260589416846,2.21826927266435,-0.724707712212574,212.206590789194,212.206590789194,7.32121212121212
0.272500447852338,-1.64535574875875,0.477944986445226,0.515606300964691,2.22166925522465,-0.722737198758104,212.206590789194,212.206590789194,7.36969696969697
0.280963988344832,-1.6455753164618,0.477090417814702,0.522993777215895,2.22500481548377,-0.720691291048195,212.206590789194,212.206590789194,7.41818181818182
0.289422031276658,-1.6458120817145,0.476265259696948,0.530423953921399,2.22827539123747,-0.718569816903285,212.206590789194,212.206590789194,7.46666666666667
0.297874954645617,-1.64606545104194,0.47546936663187,0.537897748299499,2.23148041814147,-0.71637260785886,212.206590789194,212.206590789194,7.51515151515152
0.306323134410139,-1.6463348373302,0.474702591103008,0.545416058842138,2.23461933006161,-0.714099499956318,212.206590789194,212.206590789194,7.56363636363636
0.314766944733354,-1.64661965967546,0.473964783619389,0.552979765102374,2.23769155942707,-0.711750334535214,212.206590789194,212.206590789194,7.61212121212121
0.327042724594864,-1.64693112123092,0.472931607113774,0.564676808510879,2.23994359545441,-0.707173039130024,211.633809552403,211.633809552403,7.66060606060606
0.335314450350621,-1.64644771881184,0.472199480122751,0.575927887223432,2.22971489244814,-0.698347969935903,209.962705531663,209.962705531663,7.70909090909091
0.343376799512588,-1.64489948948948,0.471363788080572,0.591551952108172,2.2017869048358,-0.68133306590321,207.264138261421,207.264138261421,7.75757575757576
0.351229133125627,-1.64211328730284,0.470294111530521,0.611022489508172,2.15416674974322,-0.655986310794752,203.608967276127,203.608967276127,7.80606060606061
0.358917109824216,-1.63807764469626,0.468803464789105,0.632520997087707,2.08855208691567,-0.624149417815776,199.068052110229,199.068052110229,7.85454545454545
0.366497969429594,-1.63288617370555,0.466687626255489,0.653930272206867,2.00884705636929,-0.588410507972687,193.712252298175,193.712252298175,7.9030303030303
0.374013046310031,-1.62670868672567,0.463786253757551,0.673586230999199,1.91974733980109,-0.551102681772783,187.612427374413,187.612427374413,7.95151515151515
0.381475770541153,-1.61978356963729,0.460036602529034,0.690513146277763,1.82585797263385,-0.513907733734291,180.839436873391,180.839436873391,8
0.388870538011224,-1.61241804136763,0.4555044907067,0.704314945193601,1.73139890397436,-0.477930404669855,173.464140329559,173.464140329559,8.04848484848485
0.396155143634991,-1.60498812899429,0.450393939394347,0.714985064350688,1.64029620676588,-0.443967369380674,165.557397277364,165.557397277364,8.0969696969697
0.403263270392103,-1.59793065650977,0.445039265824629,0.722778339856476,1.55638303783879,-0.412779655258593,157.190067251255,157.190067251255,8.14545454545454
0.410108131804028,-1.59171439817368,0.439874013753417,0.728163212745324,1.48345193240104,-0.385264945172954,148.43300978568,148.43300978568,8.19393939393939
0.416591062821595,-1.58677786307295,0.435364788615792,0.731796569017359,1.42496715350097,-0.36245455824593,139.357084415087,139.357084415087,8.24242424242424
0.422618074820532,-1.58343449167224,0.431907217867344,0.734437838999421,1.38337890642887,-0.345278664869465,130.033150673925,130.033150673925,8.29090909090909
0.428122574434943,-1.58176678565452,0.429704694344812,0.736764890758611,1.35917716988722,-0.33412584498354,120.532068096642,120.532068096642,8.33939393939394
0.43308647292971,-1.58154205027438,0.428669964962703,0.739165483324334,1.34998207738203,-0.328361473972804,110.924696217687,110.924696217687,8.38787878787879
0.437551185745026,-1.5821710189956,0.428382147793467,0.741642609415816,1.34993396343621,-0.326016847672383,101.281894571507,101.281894571507,8.43636363636364
0.441661585378049,-1.58306747658636,0.428384151658275,0.740757473098894,1.35210292059551,-0.324279562268247,91.6745226925518,91.6745226925518,8.48484848484848
0.445717828686291,-1.5847614621809,0.429084097872415,0.723063817419065,1.35739719481927,-0.321942487858639,82.1734401152689,82.1734401152689,8.53333333333333
0.449916733421057,-1.58793753102991,0.430946720797516,0.679213037617783,1.36809657955514,-0.318985113344185,72.849506374107,72.849506374107,8.58181818181818
0.454307402170604,-1.5932255042705,0.434262583682702,0.607321020144453,1.3855579118377,-0.316291714574871,63.7735810035143,63.7735810035143,8.63030303030303
0.458828796704925,-1.60113838669722,0.439141789412203,0.511139356237177,1.4103099661514,-0.315508724499446,55.0165235379392,55.0165235379392,8.67878787878788
0.463365577684491,-1.61189748447618,0.445489325309692,0.397141404642415,1.44208156710661,-0.318593255016477,46.6491935118299,46.6491935118299,8.72727272727273
0.467801364923752,-1.62535936999665,0.45303161421348,0.271917002167545,1.4798695597451,-0.327274052783583,38.742450459635,38.742450459635,8.77575757575758
0.472046366005769,-1.64106919960256,0.461380208155845,0.140938569243565,1.52205243395328,-0.342651008897606,31.3671539158026,31.3671539158026,8.82424242424242
0.476033362066969,-1.65831113972606,0.470073298780204,0.00877108718345,1.56644500859127,-0.364927972995095,24.5941634147812,24.5941634147812,8.87272727272727
0.479693122651845,-1.67607064442495,0.478578450560735,-0.119857193977031,1.61026727027318,-0.393107958364584,18.4943384910191,18.4943384910191,8.92121212121212
0.482928294222032,-1.69296392214384,0.486310770087404,-0.238916658321909,1.65022173990384,-0.424617566233101,13.1385386789647,13.1385386789647,8.96969696969697
0.485607925411716,-1.7073244280619,0.492757455254231,-0.340800074352177,1.68299969677751,-0.455223869273044,8.59762351306639,8.59762351306639,9.01818181818182
0.487598678520205,-1.71768724243298,0.497684094133181,-0.417829862054566,1.7063073857952,-0.479961291358188,4.94245252777237,4.94245252777237,9.06666666666667
0.488827511245375,-1.72360946070646,0.501051126542226,-0.465574347278693,1.71986350609413,-0.495443738171218,2.24388525753102,2.24388525753102,9.11515151515152
0.489356536944012,-1.72596516163532,0.502705637891006,-0.486126953063575,1.72544634917042,-0.50195796538955,0.572781236790797,0.572781236790797,9.16363636363636
0.489441546822862,-1.7263312104615,0.502991043131771,-0.489441546822863,1.7263312104615,-0.502991043131769,0,0,9.21212121212121
0.489441546822862,-1.7263312104615,0.502991043131771,-0.489441546822863,1.7263312104615,-0.502991043131769,0.572781236790823,0.572781236790823,9.26060606060606
0.489441546822862,-1.7263312104615,0.502991043131771,-0.489441546822863,1.7263312104615,-0.502991043131769,2.24388525753106,2.24388525753106,9.30909090909091
0.489441546822862,-1.7263312104615,0.502991043131771,-0.489441546822863,1.7263312104615,-0.502991043131769,4.94245252777235,4.94245252777235,9.35757575757576
0.489441546822862,-1.7263312104615,0.502991043131771,-0.489441546822863,1.7263312104615,-0.502991043131769,8.59762351306637,8.59762351306637,9.40606060606061
0.489441546822862,-1.7263312104615,0.502991043131771,-0.489441546822863,1.7263312104615,-0.502991043131769,13.1385386789647,13.1385386789647,9.45454545454546
0.489441546822862,-1.7263312104615,0.502991043131771,-0.489441546822863,1.7263312104615,-0.502991043131769,18.4943384910191,18.4943384910191,9.5030303030303
0.489441546822862,-1.7263312104615,0.502991043131771,-0.489441546822863,1.7263312104615,-0.502991043131769,24.5941634147812,24.5941634147812,9.55151515151515
0.489441546822862,-1.7263312104615,0.502991043131771,-0.489441546822863,1.7263312104615,-0.502991043131769,31.3671539158026,31.3671539158026,9.6
0.489441546822862,-1.7263312104615,0.502991043131771,-0.489441546822863,1.7263312104615,-0.502991043131769,38.7424504596349,38.7424504596349,9.64848484848485
0.489441546822862,-1.7263312104615,0.502991043131771,-0.489441546822863,1.7263312104615,-0.502991043131769,46.6491935118299,46.6491935118299,9.6969696969697
0.489441546822862,-1.7263312104615,0.502991043131771,-0.489441546822863,1.7263312104615,-0.502991043131769,55.0165235379391,55.0165235379391,9.74545454545455
0.489441546822862,-1.7263312104615,0.502991043131771,-0.489441546822863,1.7263312104615,-0.502991043131769,63.7735810035143,63.7735810035143,9.79393939393939
0.489441546822862,-1.7263312104615,0.502991043131771,-0.489441546822863,1.7263312104615,-0.502991043131769,72.849506374107,72.849506374107,9.84242424242424
0.489441546822862,-1.7263312104615,0.502991043131771,-0.489441546822863,1.7263312104615,-0.502991043131769,82.173440115269,82.173440115269,9.89090909090909
0.489441546822862,-1.7263312104615,0.502991043131771,-0.489441546822863,1.7263312104615,-0.502991043131769,91.6745226925518,91.6745226925518,9.93939393939394
0.489441546822862,-1.7263312104615,0.502991043131771,-0.489441546822863,1.7263312104615,-0.502991043131769,101.281894571507,101.281894571507,9.98787878787879
0.489441546822862,-1.7263312104615,0.502991043131771,-0.489441546822863,1.7263312104615,-0.502991043131769,110.924696217687,110.924696217687,10.0363636363636
0.489441546822862,-1.7263312104615,0.502991043131771,-0.489441546822863,1.7263312104615,-0.502991043131769,120.532068096642,120.532068096642,10.0848484848485
0.489441546822862,-1.7263312104615,0.502991043131771,-0.489441546822863,1.7263312104615,-0.502991043131769,130.033150673925,130.033150673925,10.1333333333333
0.489441546822862,-1.7263312104615,0.502991043131771,-0.489441546822863,1.7263312104615,-0.502991043131769,139.357084415087,139.357084415087,10.1818181818182
0.489441546822862,-1.7263312104615,0.502991043131771,-0.489441546822863,1.7263312104615,-0.502991043131769,148.433009785679,148.433009785679,10.230303030303
0.489441546822862,-1.7263312104615,0.502991043131771,-0.489441546822863,1.7263312104615,-0.502991043131769,157.190067251255,157.190067251255,10.2787878787879
0.489441546822862,-1.7263312104615,0.502991043131771,-0.489441546822863,1.7263312104615,-0.502991043131769,165.557397277364,165.557397277364,10.3272727272727
0.489441546822862,-1.7263312104615,0.502991043131771,-0.489441546822863,1.7263312104615,-0.502991043131769,173.464140329559,173.464140329559,10.3757575757576
0.489441546822862,-1.7263312104615,0.502991043131771,-0.489441546822863,1.7263312104615,-0.502991043131769,180.839436873391,180.839436873391,10.4242424242424
0.489441546822862,-1.7263312104615,0.502991043131771,-0.489441546822863,1.7263312104615,-0.502991043131769,187.612427374413,187.612427374413,10.4727272727273
0.489441546822862,-1.7263312104615,0.502991043131771,-0.489441546822863,1.7263312104615,-0.502991043131769,193.712252298175,193.712252298175,10.5212121212121
0.489441546822862,-1.7263312104615,0.502991043131771,-0.489441546822863,1.7263312104615,-0.502991043131769,199.068052110229,199.068052110229,10.569696969697
0.489441546822862,-1.7263312104615,0.502991043131771,-0.489441546822863,1.7263312104615,-0.502991043131769,203.608967276127,203.608967276127,10.6181818181818
0.489441546822862,-1.7263312104615,0.502991043131771,-0.489441546822863,1.7263312104615,-0.502991043131769,207.264138261421,207.264138261421,10.6666666666667
0.489441546822862,-1.7263312104615,0.502991043131771,-0.489441546822863,1.7263312104615,-0.502991043131769,209.962705531663,209.962705531663,10.7151515151515
0.489441546822862,-1.7263312104615,0.502991043131771,-0.489441546822863,1.7263312104615,-0.502991043131769,211.633809552403,211.633809552403,10.7636363636364
0.489441546822862,-1.7263312104615,0.502991043131771,-0.489441546822863,1.7263312104615,-0.502991043131769,212.206590789194,212.206590789194,10.8121212121212
