-0.487268646161065,1.72485950950005,-0.410526783895272,0.489399235394049,-1.72596437850785,1.81864159122108,211.633809552403,211.633809552403,0.0484848484848485
-0.473713059128705,1.71565054691975,-0.404480843274165,0.489135393165952,-1.72367310444123,1.81761851445315,209.962705531663,209.962705531663,0.096969696969697
-0.441989849350952,1.69392263040513,-0.390728183907112,0.488518849184507,-1.71829509969587,1.81518951038555,207.264138261421,207.264138261421,0.145454545454545
-0.390174183398484,1.65796794407333,-0.369511122284498,0.487515117964086,-1.70948206712656,1.81112436020318,203.608967276127,203.608967276127,0.193939393939394
-0.320237252802857,1.60875280385869,-0.343480822431871,0.48616770270533,-1.69759317917537,1.80547075533499,199.068052110229,199.068052110229,0.242424242424242
-0.236338946275356,1.54918207082781,-0.316497242175426,0.484561376648702,-1.68347606390675,1.79849720710113,193.712252298175,193.712252298175,0.290909090909091
-0.143132566539176,1.48317005865969,-0.292329066467373,0.482783175194716,-1.66819507934176,1.79061765004176,187.612427374413,187.612427374413,0.339393939393939
-0.0447673918620598,1.41481474159526,-0.273813722227137,0.480899847618382,-1.65280101885982,1.78231556621897,180.839436873391,180.839436873391,0.387878787878788
0.0552625631753522,1.34789347699643,-0.262561760550517,0.47895861390854,-1.63819773640922,1.77408633862572,173.464140329559,173.464140329559,0.436363636363636
0.153701103599636,1.28566923928754,-0.258954510140936,0.477004653094486,-1.62509311745491,1.76639837828979,165.557397277364,165.557397277364,0.484848484848485
0.246951838406306,1.23083398320921,-0.262194412909726,0.475102727651258,-1.61398616846745,1.75965692222029,157.190067251255,157.190067251255,0.533333333333333
0.330740292059565,1.18542183446293,-0.270378943838678,0.473349254003185,-1.60515612602224,1.75415808490685,148.43300978568,148.43300978568,0.581818181818182
0.400374131529095,1.15064882318784,-0.280765820779801,0.471863110457935,-1.59865721534183,1.75004432676525,139.357084415087,139.357084415087,0.63030303030303
0.45178951041087,1.12675495013581,-0.290406547534857,0.470752557983939,-1.59434098433287,1.74729057140164,130.033150673925,130.033150673925,0.678787878787879
0.48317875697251,1.11291976600599,-0.297077135963632,0.470070646993016,-1.59190255048936,1.7457313265518,120.532068096642,120.532068096642,0.727272727272727
0.496569066578449,1.10719180305003,-0.300098116944854,0.469779129591272,-1.59090675403423,1.74509457585077,110.924696217687,110.924696217687,0.775757575757576
0.498714167841783,1.10628386648294,-0.300591664593483,0.469732402870565,-1.59074966829652,1.74499415227343,101.281894571507,101.281894571507,0.824242424242424
0.498638424170613,1.10828496041036,-0.301286457142049,0.469712737101284,-1.59093103910772,1.74515953393603,91.6745226925518,91.6745226925518,0.872727272727273
0.498145525123363,1.12072609083992,-0.305596341103029,0.469591753399463,-1.59205626079865,1.7461786910822,82.1734401152689,82.1734401152689,0.921212121212121
0.496845918817641,1.14989590599372,-0.315642597971582,0.469316879022177,-1.5946758119688,1.74850597721345,72.849506374107,72.849506374107,0.96969696969697
0.494288509567219,1.19798727193622,-0.332067801265023,0.468891442906086,-1.59892168506025,1.75214573051243,63.7735810035143,63.7735810035143,1.01818181818182
0.490011679021742,1.26391048422652,-0.354430128313712,0.468367181031542,-1.60454473473576,1.75671819189331,55.0165235379392,55.0165235379392,1.06666666666667
0.48368297375748,1.34439936524705,-0.381732596824205,0.46782549930908,-1.61099999169229,1.76161983508943,46.6491935118299,46.6491935118299,1.11515151515152
0.47518142294076,1.43507734445779,-0.412830413462382,0.46735408716563,-1.61758512571008,1.76622645242994,38.742450459635,38.742450459635,1.16363636363636
0.464587131615671,1.53117834737017,-0.446572411529464,0.467025221611562,-1.62361591188402,1.77007196826349,31.3671539158026,31.3671539158026,1.21212121212121
0.452156659539531,1.6278462645807,-0.481711511882454,0.466878843869103,-1.62860314664208,1.77295356149135,24.5941634147812,24.5941634147812,1.26060606060606
0.438373149133898,1.72015714121126,-0.516713201586623,0.466912461589122,-1.63237175314526,1.77493442527264,18.4943384910191,18.4943384910191,1.30909090909091
0.424085275679885,1.80311835670653,-0.549615636993946,0.46708172627474,-1.63504796044789,1.77624179579744,13.1385386789647,13.1385386789647,1.35757575757576
0.410613795191563,1.87192368437424,-0.57809716992071,0.467314668481908,-1.63689890521386,1.77711377193626,8.59762351306639,8.59762351306639,1.40606060606061
0.399583326713223,1.92270035220176,-0.599891283255793,0.467535692070133,-1.63814200389325,1.77769568183153,4.94245252777237,4.94245252777237,1.45454545454545
0.392326500841351,1.95377599414326,-0.613583189062132,0.467689963468612,-1.63888340315342,1.77804362870804,2.24388525753102,2.24388525753102,1.5030303030303
0.389089630681354,1.96709996675905,-0.619540780222566,0.467760307161041,-1.63920162703749,1.77819318951374,0.572781236790797,0.572781236790797,1.55151515151515
0.388560739471829,1.96924715763403,-0.620505891081182,0.467771873317323,-1.63925306138925,1.77821736893407,0,0,1.6
0.38855253693299,1.96924163489801,-0.620505968189884,0.467761330554293,-1.63925329075235,1.77821948038982,0.572781236790823,0.572781236790823,1.64848484848485
0.388496133077097,1.96920365635085,-0.620506495679052,0.467688833521891,-1.63925486902021,1.77823400121617,2.24388525753106,2.24388525753106,1.6969696969697
0.388346138490322,1.96910264262451,-0.620507875146969,0.467496034912182,-1.63925907526218,1.77827263027712,4.94245252777235,4.94245252777235,1.74545454545455
0.388060301612093,1.96891007563141,-0.620510410228334,0.467128598523059,-1.63926712776664,1.77834629950865,8.59762351306637,8.59762351306637,1.79393939393939
0.387599617558865,1.96859952075341,-0.620514237299312,0.466536317374841,-1.63928020799683,1.77846518658528,13.1385386789647,13.1385386789647,1.84242424242424
0.386928460332722,1.96814665415804,-0.620519241159378,0.465673257575466,-1.63929949001407,1.77863873036992,18.4943384910191,18.4943384910191,1.89090909090909
0.386014726454591,1.96752929320305,-0.620524963157841,0.464497915361722,-1.63932617309052,1.77887564782292,24.5941634147812,24.5941634147812,1.93939393939394
0.384829978283088,1.96672742803952,-0.620530509052663,0.462973375092627,-1.63936151537558,1.77918395108677,31.3671539158026,31.3671539158026,1.98787878787879
0.383349575780411,1.96572325267299,-0.62053446355135,0.461067456566394,-1.63940686663154,1.77957096352568,38.7424504596349,38.7424504596349,2.03636363636364
0.381552786364708,1.96450119389159,-0.620534817932612,0.458752840961499,-1.63946369822142,1.78004333358922,46.6491935118299,46.6491935118299,2.08484848484848
0.37942286379261,1.96304793662094,-0.620528916355716,0.456007166008169,-1.63953362871593,1.78060704549261,55.0165235379391,55.0165235379391,2.13333333333333
0.376947088741008,1.96135244441745,-0.620513425434832,0.452813082674575,-1.63961844368877,1.78126742586238,63.7735810035143,63.7735810035143,2.18181818181818
0.374116765845127,1.95940597396703,-0.620484330421088,0.449158267650481,-1.63972010848789,1.78202914568277,72.849506374107,72.849506374107,2.23030303030303
0.370927174295132,1.95720208261627,-0.620436959955049,0.445035388137036,-1.63984077300305,1.78289621708899,82.173440115269,82.173440115269,2.27878787878788
0.367377471555671,1.95473662812847,-0.620366039906175,0.440442017781013,-1.63998276769234,1.7838719847793,91.6745226925518,91.6745226925518,2.32727272727273
0.363470552193287,1.95200776003078,-0.620265775393053,0.435380504885225,-1.64014859037746,1.78495911204926,101.281894571507,101.281894571507,2.37575757575758
0.359212866017225,1.94901590209916,-0.620129958768789,0.429857796144532,-1.64034088356402,1.7861595616766,110.924696217687,110.924696217687,2.42424242424242
0.354614201620109,1.94576372571739,-0.61995210023888,0.42388522097565,-1.64056240228331,1.78747457209397,120.532068096642,120.532068096642,2.47272727272727
0.349687442839558,1.94225611404123,-0.619725576915166,0.417478242935008,-1.6408159726808,1.78890462946934,130.033150673925,130.033150673925,2.52121212121212
0.344448306586605,1.93850011709787,-0.619443795535116,0.410656185696203,-1.64110444178953,1.79044943646403,139.357084415087,139.357084415087,2.56969696969697
0.338915070884364,1.93450489815048,-0.619100363801021,0.403441941571976,-1.64143061912028,1.79210787854931,148.433009785679,148.433009785679,2.61818181818182
0.333108301857298,1.93028167185302,-0.618689265303605,0.395861670638065,-1.64179721087208,1.79387798883423,157.190067251255,157.190067251255,2.66666666666667
0.327050587870129,1.92584363490848,-0.618205033253655,0.387944498202636,-1.64220674771608,1.79575691238753,165.557397277364,165.557397277364,2.71515151515152
0.320766288123839,1.92120589011884,-0.617642918703194,0.379722217741939,-1.64266150723187,1.79774087102913,173.464140329559,173.464140329559,2.76363636363636
0.314281301875696,1.91638536487517,-0.616999049536342,0.371229005579017,-1.6431634321794,1.79982512952401,180.839436873391,180.839436873391,2.81212121212121
0.307622863164335,1.91140072527776,-0.616270577189744,0.362501152607874,-1.64371404587349,1.80200396403924,187.612427374413,187.612427374413,2.86060606060606
0.300819364585805,1.9062722871986,-0.615455808767604,0.353576817344352,-1.64431436599307,1.80427063362743,193.712252298175,193.712252298175,2.90909090909091
0.293900212364629,1.90102192570193,-0.614554322899326,0.344495803588752,-1.64496481820695,1.80661735538423,199.068052110229,199.068052110229,2.95757575757576
0.286895713759993,1.89567298432322,-0.613567068310846,0.335299365070284,-1.64566515103435,1.80903528379764,203.608967276127,203.608967276127,3.00606060606061
0.279836996787069,1.89025018577739,-0.612496444617366,0.326030038649656,-1.6464143533848,1.81151449466875,207.264138261421,207.264138261421,3.05454545454545
0.272755961345472,1.88477954572454,-0.611346365279188,0.316731507008284,-1.6472105762412,1.81404397384211,209.962705531663,209.962705531663,3.1030303030303
0.265685260143676,1.87928829127127,-0.610122302986482,0.307448491262084,-1.64805105996425,1.81661161084279,211.633809552403,211.633809552403,3.15151515151515
0.25865830729091,1.87380478593232,-0.608831317953435,0.298226673605944,-1.6489320687102,1.81920419738123,212.206590789194,212.206590789194,3.2
0.251702863395434,1.86835339832968,-0.607480784230833,0.28910419515518,-1.64984970546419,1.82180986436803,212.206590789194,212.206590789194,3.24848484848485
0.244821521091734,1.86293892502832,-0.606073958659941,0.280086039217972,-1.65080285195856,1.82442575682036,212.206590789194,212.206590789194,3.2969696969697
0.238010688071504,1.85756118445919,-0.604612835943663,0.271168977938608,-1.6517911791743,1.8270513778159,212.206590789194,212.206590789194,3.34545454545455
0.231266968245267,1.85221999756943,-0.603099299260347,0.262349955502907,-1.65281436578676,1.82968624584819,212.206590789194,212.206590789194,3.39393939393939
0.224587147318432,1.8469151880493,-0.60153512853752,0.253626075467205,-1.65387209779832,1.83232989399512,212.206590789194,212.206590789194,3.44242424242424
0.217968179690558,1.84164658252556,-0.599922007974687,0.244994589249538,-1.65496406819762,1.83498186915249,212.206590789194,212.206590789194,3.49090909090909
0.211407176532928,1.83641401072548,-0.598261532896753,0.236452885655205,-1.65608997664286,1.83764173132625,212.206590789194,212.206590789194,3.53939393939394
0.204901394917898,1.83121730561516,-0.596555216009366,0.227998481325205,-1.65724952916706,1.84030905297743,212.206590789194,212.206590789194,3.58787878787879
0.198448227889251,1.82605630351529,-0.594804493118653,0.219629012009972,-1.65844243790334,1.84298341841489,212.206590789194,212.206590789194,3.63636363636364
0.19204519537629,1.82093084419707,-0.593010728370271,0.211342224582796,-1.65966842082861,1.84566442323117,212.206590789194,212.206590789194,3.68484848484849
0.18568993586609,1.81584077096084,-0.59117521905614,0.203135969717636,-1.66092720152398,1.84835167377765,212.206590789194,212.206590789194,3.73333333333333
0.179380198758346,1.81078593069932,-0.589299200031595,0.195008195164921,-1.66221850895063,1.85104478667526,212.206590789194,212.206590789194,3.78181818181818
0.173113837336046,1.80576617394745,-0.587383847780788,0.18695693956663,-1.66354207723993,1.85374338835771,212.206590789194,212.206590789194,3.83030303030303
0.166888802292718,1.80078135492048,-0.5854302841639,0.178980326758666,-1.66489764549647,1.85644711464423,212.206590789194,212.206590789194,3.87878787878788
0.160703135763657,1.79583133154159,-0.583439579876016,0.171076560514328,-1.66628495761327,1.85915561033944,212.206590789194,212.206590789194,3.92727272727273
0.154554965814277,1.79091596546039,-0.581412757644266,0.163243919687804,-1.66770376209801,1.86186852885792,212.206590789194,212.206590789194,3.97575757575758
0.148442501343788,1.78603512206345,-0.579350795186971,0.155480753721023,-1.66915381190963,1.86458553187153,212.206590789194,212.206590789194,4.02424242424242
0.142364027366849,1.78118867047768,-0.577254627956068,0.147785478481152,-1.6706348643043,1.86730628897746,212.206590789194,212.206590789194,4.07272727272727
0.136317900639735,1.77637648356766,-0.575125151681839,0.140156572399403,-1.67214668069038,1.87003047738552,212.206590789194,212.206590789194,4.12121212121212
0.130302545600976,1.77159843792743,-0.572963224737055,0.13259257288488,-1.67368902649143,1.87275778162297,212.206590789194,212.206590789194,4.16969696969697
0.124316450599507,1.76685441386757,-0.570769670335944,0.125092072989833,-1.67526167101689,1.87548789325566,212.206590789194,212.206590789194,4.21818181818182
0.118358164385991,1.76214429539821,-0.568545278581813,0.11765371830507,-1.67686438733979,1.87822051062408,212.206590789194,212.206590789194,4.26666666666667
0.112506815412187,1.75729347383619,-0.567610164851529,0.110189445881938,-1.67830101462608,1.88093264624106,212.206590789194,212.206590789194,4.31515151515152
0.107110031813711,1.75154571621777,-0.573778854007435,0.102322727305129,-1.67872613637735,1.88353109827216,212.206590789194,212.206590789194,4.36363636363636
0.102447769571779,1.74429229260221,-0.592172006303627,0.0937398056540596,-1.67744083473514,1.88592484411545,212.206590789194,212.206590789194,4.41212121212121
0.0986365624768256,1.73528027342605,-0.625995213455905,0.0842670855507743,-1.6740661669151,1.88798692443534,212.206590789194,212.206590789194,4.46060606060606
0.0956346083367298,1.7246011835931,-0.676820905739481,0.0738477703730928,-1.66849051489832,1.88950759659605,212.206590789194,212.206590789194,4.50909090909091
0.0932609130943591,1.71264763567145,-0.744820400036445,0.0625227539810323,-1.66082633613746,1.89019027208763,212.206590789194,212.206590789194,4.55757575757576
0.0912305536178147,1.70003428185991,-0.828945456041036,0.0504161987814901,-1.65137359245194,1.8896930306679,212.206590789194,212.206590789194,4.60606060606061
0.0892042151168698,1.68748861988096,-0.927075403838916,0.0377234965647523,-1.64058286723518,1.88770456706861,212.206590789194,212.206590789194,4.65454545454545
0.0868460409074642,1.67572604695119,-1.03615631247391,0.0246973276487339,-1.62901169752012,1.88403357316812,212.206590789194,212.206590789194,4.7030303030303
0.0838799761869524,1.66533083449713,-1.15236161631715,0.0116273601366906,-1.61727222493479,1.87868579461346,212.206590789194,212.206590789194,4.75151515151515
0.0801332060647286,1.65666645182479,-1.27129786190762,-0.00118854550796128,-1.60597366261805,1.87190519491369,212.206590789194,212.206590789194,4.8
0.075557510591736,1.64983275245767,-1.38826585589543,-0.013479151085943,-1.59566655345788,1.86416526716904,212.206590789194,212.206590789194,4.84848484848485
0.0702249052751208,1.64467598849142,-1.49857098681502,-0.0250332009703196,-1.58679672237145,1.85611086135414,212.206590789194,212.206590789194,4.8969696969697
0.0643005030858797,1.64084516795822,-1.59786324040849,-0.0357216118105394,-1.579675738401,1.84846463895332,212.206590789194,212.206590789194,4.94545454545455
0.0580005797663901,1.63787906215555,-1.68248243431466,-0.0455015425781564,-1.57447167506247,1.84192008314937,212.206590789194,212.206590789194,4.99393939393939
0.0515460302743818,1.63530386315687,-1.74978846065988,-0.054402454961483,-1.5712186318637,1.83704231122649,212.206590789194,212.206590789194,5.04242424242424
0.0451209353269349,1.63272168148175,-1.79846653297813,-0.0625020708827009,-1.56983669610742,1.83419025824976,212.206590789194,212.206590789194,5.09090909090909
0.0388437265480807,1.62987364850142,-1.82880799898989,-0.0699046389558405,-1.57014870301491,1.83346377926969,212.206590789194,212.206590789194,5.13939393939394
0.0327552474894318,1.62666747801818,-1.84297344510908,-0.0767330235992579,-1.57187991284755,1.83467189743809,212.206590789194,212.206590789194,5.18787878787879
0.0268240614613054,1.62316777495448,-1.84524531314997,-0.083140220360588,-1.57463331303087,1.83731598438552,212.206590789194,212.206590789194,5.23636363636364
0.0209640155048271,1.61956298438735,-1.84219997455494,-0.0893339042740576,-1.5778478170161,1.84050930019017,212.206590789194,212.206590789194,5.28484848484849
0.0150538249829938,1.61627422772109,-1.83926784475761,-0.0954635811750652,-1.58091589311247,1.84010037303662,212.206590789194,212.206590789194,5.33333333333333
0.0089917943807581,1.61385988320109,-1.83775866640401,-0.101519527278141,-1.58342558597529,1.82909137063214,212.206590789194,212.206590789194,5.38181818181818
0.00274265687009704,1.61275500921297,-1.83833982292,-0.107426281882608,-1.58512248594606,1.80255476994261,212.206590789194,212.206590789194,5.43030303030303
-0.00365079102969949,1.61332574458803,-1.84138863031255,-0.112989677746338,-1.58591891897918,1.75772617993672,212.206590789194,212.206590789194,5.47878787878788
-0.0100698065939812,1.61590852919352,-1.84701657974926,-0.117870031181106,-1.58590256353724,1.69374461398571,212.206590789194,212.206590789194,5.52727272727273
-0.0163378884973797,1.62079595834236,-1.855081227465,-0.121612606297883,-1.58532670297867,1.61140846966096,212.206590789194,212.206590789194,5.57575757575758
-0.0222527960931787,1.62817531004949,-1.86519462886917,-0.123732566891315,-1.58457679356129,1.51293704178435,212.206590789194,212.206590789194,5.62424242424242
-0.0276265499680238,1.6380440151044,-1.87674523812589,-0.123835113494528,-1.58411159142863,1.40171798729803,212.206590789194,212.206590789194,5.67272727272727
-0.0323257659357447,1.65013763634614,-1.88895071416198,-0.121738355510745,-1.58438356894893,1.28201994382232,212.206590789194,212.206590789194,5.72121212121212
-0.0363043732978914,1.66390543264105,-1.90094948411439,-0.117560791235081,-1.58575206638766,1.15865999713988,212.206590789194,212.206590789194,5.76969696969697
-0.0396218318493194,1.67855349257431,-1.91192143602336,-0.111742611102176,-1.58840969308406,1.03663611700967,212.206590789194,212.206590789194,5.81818181818182
-0.0424422231278238,1.69314987347913,-1.92121043595549,-0.104990922199833,-1.59234289676149,0.920755990337313,212.206590789194,212.206590789194,5.86666666666667
-0.0450129144939672,1.70676172637833,-1.92841353338715,-0.0981651641239992,-1.59733890641867,0.815303048306689,212.206590789194,212.206590789194,5.91515151515152
-0.0476257053453486,1.71858383200893,-1.93340981627177,-0.0921372777764768,-1.60303655496675,0.723770221260729,212.206590789194,212.206590789194,5.96363636363636
-0.0505677019415027,1.7280268254744,-1.93632321889838,-0.0876627158877359,-1.60900530848203,0.648666381817261,212.206590789194,212.206590789194,6.01212121212121
-0.054071985995765,1.73475600726797,-1.93743794461209,-0.0852847589457643,-1.6148315452686,0.591373191731533,212.206590789194,212.206590789194,6.06060606060606
-0.0582778564462101,1.7386952400333,-1.93710137139979,-0.0852756962024969,-1.62019431035578,0.552014040984132,212.206590789194,212.206590789194,6.10909090909091
-0.0632070211784081,1.74002333252917,-1.93565163631913,-0.087604754155664,-1.62491993514895,0.529296449425468,212.206590789194,212.206590789194,6.15757575757576
-0.0687572786883858,1.73918796524184,-1.93339644528798,-0.09191912780924,-1.62901136768586,0.520301566546535,212.206590789194,212.206590789194,6.20606060606061
-0.0747106024437291,1.73694787575638,-1.93064987886311,-0.0975288635519709,-1.63265309762478,0.520214516019705,212.206590789194,212.206590789194,6.25454545454545
-0.0807765337876458,1.73432785463184,-1.92777049148294,-0.103488954371682,-1.63616446576981,0.522671485739558,212.206590789194,212.206590789194,6.3030303030303
-0.0868412409130381,1.7317434593598,-1.92490124429481,-0.109419232122577,-1.63968036359798,0.525118362706933,212.206590789194,212.206590789194,6.35151515151515
-0.0929040322046629,1.72919791092243,-1.92204346291028,-0.115317207901681,-1.64320169608674,0.527532690534547,212.206590789194,212.206590789194,6.4
-0.0989652016644946,1.72669073884874,-1.9191971968922,-0.121183747052197,-1.64672815860666,0.529914612826834,212.206590789194,212.206590789194,6.44848484848485
-0.1050250347683,1.72422148344807,-1.91636249581326,-0.127019698603913,-1.65025945162999,0.532264267761064,212.206590789194,212.206590789194,6.4969696969697
-0.111083808883067,1.72178969539368,-1.91353940926465,-0.132825895949023,-1.65379528049635,0.534581788162521,212.206590789194,212.206590789194,6.54545454545455
-0.117141793664203,1.71939493532571,-1.91072798686321,-0.138603157487411,-1.65733535518733,0.536867301575169,212.206590789194,212.206590789194,6.59393939393939
-0.123199251433762,1.7170367734724,-1.90792827825713,-0.144352287243199,-1.66087939010931,0.539120930328029,212.206590789194,212.206590789194,6.64242424242424
-0.129256437540859,1.71471478928857,-1.90514033313035,-0.150074075454327,-1.66442710388419,0.541342791597509,212.206590789194,212.206590789194,6.69090909090909
-0.135313600705377,1.71242857111032,-1.90236420120585,-0.15576929913672,-1.66797821914754,0.543532997465868,212.206590789194,212.206590789194,6.73939393939394
-0.141370983345967,1.71017771582513,-1.89959993224788,-0.161438722624569,-1.67153246235362,0.545691654976025,212.206590789194,212.206590789194,6.78787878787879
-0.14742882189328,1.70796182855651,-1.89684757606312,-0.167083098088096,-1.67508956358705,0.54781886618288,212.206590789194,212.206590789194,6.83636363636364
-0.15348734708933,1.70578052236226,-1.89410718250114,-0.172703166030122,-1.67864925638068,0.54991472820131,212.206590789194,212.206590789194,6.88484848484848
-0.15954678427379,1.70363341794589,-1.89137880145392,-0.178299655762643,-1.6822112775392,0.551979333250998,212.206590789194,212.206590789194,6.93333333333333
-0.165607353657999,1.70152014338014,-1.88866248285473,-0.183873285864551,-1.6857753669684,0.55401276869823,212.206590789194,212.206590789194,6.98181818181818
-0.171669270587391,1.69944033384231,-1.88595827667634,-0.189424764621579,-1.68934126750955,0.556015117094802,212.206590789194,212.206590789194,7.03030303030303
-0.177732745793021,1.69739363136056,-1.88326623292871,-0.194954790449445,-1.69290872477866,0.557986456214141,212.206590789194,212.206590789194,7.07878787878788
-0.183797985632821,1.69537968457057,-1.88058640165603,-0.200464052301153,-1.6964774870105,0.559926859084782,212.206590789194,212.206590789194,7.12727272727273
-0.189865192323157,1.69339814848232,-1.87791883293344,-0.205953230059313,-1.70004730490683,0.561836394021272,212.206590789194,212.206590789194,7.17575757575758
-0.19593456416126,1.69144868425609,-1.87526357686323,-0.211422994914312,-1.70361793148885,0.563715124652638,212.206590789194,212.206590789194,7.22424242424242
-0.202006295739041,1.68953095898749,-1.8726206835707,-0.216874009729102,-1.70718912195353,0.56556310994847,212.206590789194,212.206590789194,7.27272727272727
-0.208080578148765,1.68764464550096,-1.86999020319975,-0.222306929391344,-1.71076063353357,0.567380404242749,212.206590789194,212.206590789194,7.32121212121212
-0.214157599181066,1.68578942215132,-1.86737218590804,-0.227722401153583,-1.71433222536084,0.569167057255461,212.206590789194,212.206590789194,7.36969696969697
-0.220237543515708,1.68396497263297,-1.86476668186209,-0.233121064962098,-1.71790365833308,0.570923114112086,212.206590789194,212.206590789194,7.41818181818182
-0.226320592905512,1.68217098579642,-1.86217374123197,-0.23850355377505,-1.72147469498364,0.572648615361053,212.206590789194,212.206590789194,7.46666666666667
-0.232406926353839,1.68040715547166,-1.85959341418593,-0.24387049387047,-1.72504509935417,0.574343596989176,212.206590789194,212.206590789194,7.51515151515152
-0.238496720285952,1.67867318029824,-1.85702575088484,-0.249222505144668,-1.72861463686991,0.576008090435185,212.206590789194,212.206590789194,7.56363636363636
-0.244590148714653,1.6769687635615,-1.85447080147646,-0.254560201401529,-1.73218307421767,0.577642122601374,212.206590789194,212.206590789194,7.61212121212121
-0.250687383400463,1.67529361303486,-1.85192861608965,-0.259884190633218,-1.73575017922611,0.579245715863425,212.206590789194,212.206590789194,7.66060606060606
-0.256788594006684,1.67364744082779,-1.84939924482848,-0.265195075292721,-1.73931572074828,0.580818888078466,212.206590789194,212.206590789194,7.70909090909091
-0.262893948249611,1.67202996323913,-1.84688273776625,-0.270493452558667,-1.74287946854632,0.582361652591402,212.206590789194,212.206590789194,7.75757575757576
-0.269003612044184,1.67044090061567,-1.84437914493949,-0.275779914592835,-1.74644119317806,0.583874018239555,212.206590789194,212.206590789194,7.80606060606061
-0.275117749645315,1.66887997721559,-1.84188851634193,-0.281055048790736,-1.75000066588553,0.58535598935567,212.206590789194,212.206590789194,7.85454545454545
-0.281236523785157,1.66734692107661,-1.83941090191847,-0.286319438025631,-1.75355765848509,0.586807565769307,212.206590789194,212.206590789194,7.9030303030303
-0.287360095806537,1.6658414638886,-1.83694635155911,-0.291573660886342,-1.75711194325924,0.588228742806658,212.206590789194,212.206590789194,7.95151515151515
-0.293488625792778,1.6643633408705,-1.83449491509297,-0.296818291909172,-1.7606632928499,0.589619511288826,212.206590789194,212.206590789194,8
-0.299622272694114,1.66291229065125,-1.83205664228225,-0.302053901804269,-1.764211480153,0.590979857528593,212.206590789194,212.206590789194,8.04848484848485
-0.305761194450916,1.66148805515467,-1.82963158281634,-0.307281057676708,-1.76775627821438,0.592309763325698,212.206590789194,212.206590789194,8.0969696969697
-0.311905548113898,1.66009037948798,-1.8272197863059,-0.312500323242601,-1.77129746012685,0.593609205960664,212.206590789194,212.206590789194,8.14545454545454
-0.318055489961509,1.6587190118339,-1.82482130227703,-0.317712259040483,-1.77483479892827,0.594878158187184,212.206590789194,212.206590789194,8.19393939393939
-0.324211175614669,1.65737370334609,-1.82243618016556,-0.322917422638248,-1.77836806750066,0.596116588223099,212.206590789194,212.206590789194,8.24242424242424
-0.33037276014903,1.65605420804789,-1.82006446931134,-0.328116368835871,-1.78189703847008,0.597324459739981,212.206590789194,212.206590789194,8.29090909090909
-0.336540398204913,1.65476028273397,-1.81770621895272,-0.333309649864162,-1.78542148410741,0.598501731851341,212.206590789194,212.206590789194,8.33939393939394
-0.342714244095085,1.65349168687512,-1.81536147822105,-0.338497815579766,-1.78894117622972,0.599648359099488,212.206590789194,212.206590789194,8.38787878787879
-0.348894451910523,1.65224818252563,-1.81303029613533,-0.343681413656632,-1.79245588610227,0.600764291441043,212.206590789194,212.206590789194,8.43636363636364
-0.3550811756243,1.65102953423354,-1.81071272159698,-0.348860989774147,-1.79596538434109,0.60184947423113,212.206590789194,212.206590789194,8.48484848484848
-0.365090645869032,1.64893897117826,-1.80693682019562,-0.356843852227158,-1.79957291439239,0.603001467881852,211.633809552403,211.633809552403,8.53333333333333
-0.371401147323938,1.64667776436556,-1.80422717153976,-0.35973088344007,-1.79030949408208,0.600669930918033,209.962705531663,209.962705531663,8.58181818181818
-0.377865812735018,1.64291790080266,-1.80089456326002,-0.359437531907948,-1.7637723587352,0.593731462603188,207.264138261421,207.264138261421,8.63030303030303
-0.384515725963485,1.63738907179726,-1.79672275170724,-0.355294828703195,-1.7177128008359,0.581376600077079,203.608967276127,203.608967276127,8.67878787878788
-0.391358728993899,1.63010622022682,-1.79155692051658,-0.347051557742222,-1.65340990899133,0.563499364380174,199.068052110229,199.068052110229,8.72727272727273
-0.398380574175142,1.6213284807523,-1.78534039823693,-0.334684314633181,-1.57438984775344,0.540374962250686,193.712252298175,193.712252298175,8.77575757575758
-0.405546407115608,1.61149603107362,-1.77814834512597,-0.318226328015017,-1.48509455908361,0.512379578853939,187.612427374413,187.612427374413,8.82424242424242
-0.412803248104453,1.60115073738185,-1.77019282098355,-0.297674482635765,-1.38996929873624,0.479847401556877,180.839436873391,180.839436873391,8.87272727272727
-0.420081106668819,1.59086445918838,-1.76180277394623,-0.273028349841297,-1.29314013785742,0.443110024495973,173.464140329559,173.464140329559,8.92121212121212
-0.427290045555046,1.58118688883809,-1.75339191814776,-0.244501129156285,-1.19854521246864,0.402732423370131,165.557397277364,165.557397277364,8.96969696969697
-0.434313103161411,1.57260193082615,-1.74541540774474,-0.212916617156363,-1.11022277700483,0.359933060533142,157.190067251255,157.190067251255,9.01818181818182
-0.440999666938498,1.56547642678987,-1.73830674860331,-0.180205192884335,-1.0324246468227,0.31707485587467,148.43300978568,148.43300978568,9.06666666666667
-0.447170167381897,1.5600054168171,-1.73239858266653,-0.149670361202219,-0.969282253603063,0.277878376265802,139.357084415087,139.357084415087,9.11515151515152
-0.45264671440152,1.55618408597561,-1.72785594747765,-0.125454646175551,-0.923936446466759,0.246789362122883,130.033150673925,130.033150673925,9.16363636363636
-0.45731402237808,1.55382946593213,-1.72465173767633,-0.110886988582127,-0.897337495213366,0.227218037393652,120.532068096642,120.532068096642,9.21212121212121
-0.461187046651496,1.55262244534435,-1.72257406874081,-0.106407718761927,-0.887137121151604,0.219385523447058,110.924696217687,110.924696217687,9.26060606060606
-0.464445913032148,1.55210345525799,-1.72122087155632,-0.10849300278655,-0.887005048523138,0.219205377127185,101.281894571507,101.281894571507,9.30909090909091
-0.467357749193699,1.55213891535401,-1.720383945237,-0.109916231306945,-0.890387988566301,0.220109856719023,91.6745226925518,91.6745226925518,9.35757575757576
-0.469996130040507,1.55425468869915,-1.72114777282958,-0.102374448097195,-0.902672870689378,0.219520707091015,82.1734401152689,82.1734401152689,9.40606060606061
-0.472359838925413,1.55969002417341,-1.72437679812667,-0.0810960089521269,-0.929560995579932,0.217321046548105,72.849506374107,72.849506374107,9.45454545454546
-0.474435039511483,1.56890972905612,-1.73027997458335,-0.0453655987282589,-0.973586583894478,0.215063816170374,63.7735810035143,63.7735810035143,9.5030303030303
-0.476214373926541,1.58174540750362,-1.73852105260579,0.00257142940368737,-1.0346005292229,0.215396576141335,55.0165235379392,55.0165235379392,9.55151515151515
-0.477719947429162,1.59756626230108,-1.74841920531922,0.0591982037285018,-1.11030327688341,0.220872426545417,46.6491935118299,46.6491935118299,9.6
-0.479009212327448,1.61544958923245,-1.75917562431639,0.121074754710317,-1.19690590321911,0.233020527812579,38.742450459635,38.742450459635,9.64848484848485
-0.480157416191527,1.63432815871694,-1.77005410829481,0.185351577234984,-1.28978303112949,0.252053670949665,31.3671539158026,31.3671539158026,9.6969696969697
-0.481228050976637,1.65310843353471,-1.7804736710476,0.249603114174049,-1.38392376686391,0.27698666132584,24.5941634147812,24.5941634147812,9.74545454545455
-0.482247564619417,1.6707576051906,-1.79000620688344,0.311377638372964,-1.47415081065501,0.305837769793002,18.4943384910191,18.4943384910191,9.79393939393939
-0.483195818400563,1.68635236446251,-1.79830836157811,0.367813108905186,-1.55527044795141,0.335801769309254,13.1385386789647,13.1385386789647,9.84242424242424
-0.484016177632302,1.69910317515758,-1.80505929098689,0.415609465421548,-1.62241518459533,0.363512516127939,8.59762351306639,8.59762351306639,9.89090909090909
-0.484642019027006,1.70842086338969,-1.8099847788301,0.45160440640419,-1.67180689151369,0.385631931050099,4.94245252777237,4.94245252777237,9.93939393939394
-0.485031555886054,1.71409085165324,-1.81298004506211,0.473979145437156,-1.70193865411233,0.399875157002891,2.24388525753102,2.24388525753102,9.98787878787879
-0.485198507897729,1.71651538717227,-1.81426042540394,0.483659743370597,-1.71483014972219,0.406147110791736,0.572781236790797,0.572781236790797,10.0363636363636
-0.485225092126452,1.7169057907487,-1.81446661737594,0.485225092126451,-1.7169057907487,0.407167029001224,0,0,10.0848484848485
-0.485225092126451,1.7169057907487,-1.81446661737594,0.485225092126451,-1.7169057907487,0.407167029001223,0.572781236790823,0.572781236790823,10.1333333333333
-0.485225092126451,1.7169057907487,-1.81446661737594,0.485225092126451,-1.7169057907487,0.407167029001223,2.24388525753106,2.24388525753106,10.1818181818182
-0.485225092126451,1.7169057907487,-1.81446661737594,0.485225092126451,-1.7169057907487,0.407167029001223,4.94245252777235,4.94245252777235,10.230303030303
-0.485225092126451,1.7169057907487,-1.81446661737594,0.485225092126451,-1.7169057907487,0.407167029001223,8.59762351306637,8.59762351306637,10.2787878787879
-0.485225092126451,1.7169057907487,-1.81446661737594,0.485225092126451,-1.7169057907487,0.407167029001223,13.1385386789647,13.1385386789647,10.3272727272727
-0.485225092126451,1.7169057907487,-1.81446661737594,0.485225092126451,-1.7169057907487,0.407167029001224,18.4943384910191,18.4943384910191,10.3757575757576
-0.485225092126451,1.7169057907487,-1.81446661737594,0.485225092126451,-1.7169057907487,0.407167029001224,24.5941634147812,24.5941634147812,10.4242424242424
-0.485225092126451,1.7169057907487,-1.81446661737594,0.485225092126451,-1.7169057907487,0.407167029001223,31.3671539158026,31.3671539158026,10.4727272727273
-0.485225092126451,1.7169057907487,-1.81446661737594,0.485225092126451,-1.7169057907487,0.407167029001223,38.7424504596349,38.7424504596349,10.5212121212121
-0.485225092126452,1.7169057907487,-1.81446661737594,0.485225092126451,-1.7169057907487,0.407167029001224,46.6491935118299,46.6491935118299,10.569696969697
-0.485225092126451,1.7169057907487,-1.81446661737594,0.485225092126451,-1.7169057907487,0.407167029001223,55.0165235379391,55.0165235379391,10.6181818181818
-0.485225092126452,1.7169057907487,-1.81446661737594,0.485225092126451,-1.7169057907487,0.407167029001224,63.7735810035143,63.7735810035143,10.6666666666667
-0.485225092126452,1.7169057907487,-1.81446661737594,0.485225092126451,-1.7169057907487,0.407167029001224,72.849506374107,72.849506374107,10.7151515151515
-0.485225092126451,1.7169057907487,-1.81446661737594,0.485225092126451,-1.7169057907487,0.407167029001224,82.173440115269,82.173440115269,10.7636363636364
-0.485225092126451,1.7169057907487,-1.81446661737594,0.485225092126451,-1.7169057907487,0.407167029001223,91.6745226925518,91.6745226925518,10.8121212121212
-0.485225092126451,1.7169057907487,-1.81446661737594,0.485225092126451,-1.7169057907487,0.407167029001223,101.281894571507,101.281894571507,10.8606060606061
-0.485225092126451,1.7169057907487,-1.81446661737594,0.485225092126451,-1.7169057907487,0.407167029001223,110.924696217687,110.924696217687,10.9090909090909
-0.485225092126452,1.7169057907487,-1.81446661737594,0.485225092126451,-1.7169057907487,0.407167029001224,120.532068096642,120.532068096642,10.9575757575758
-0.485225092126451,1.7169057907487,-1.81446661737594,0.485225092126451,-1.7169057907487,0.407167029001223,130.033150673925,130.033150673925,11.0060606060606
-0.485225092126452,1.7169057907487,-1.81446661737594,0.485225092126451,-1.7169057907487,0.407167029001224,139.357084415087,139.357084415087,11.0545454545455
-0.485225092126451,1.7169057907487,-1.81446661737594,0.485225092126451,-1.7169057907487,0.407167029001223,148.433009785679,148.433009785679,11.1030303030303
-0.485225092126451,1.7169057907487,-1.81446661737594,0.485225092126451,-1.7169057907487,0.407167029001224,157.190067251255,157.190067251255,11.1515151515152
-0.485225092126452,1.7169057907487,-1.81446661737594,0.485225092126451,-1.7169057907487,0.407167029001224,165.557397277364,165.557397277364,11.2
-0.485225092126451,1.7169057907487,-1.81446661737594,0.485225092126451,-1.7169057907487,0.407167029001223,173.464140329559,173.464140329559,11.2484848484848
-0.485225092126451,1.7169057907487,-1.81446661737594,0.485225092126451,-1.7169057907487,0.407167029001223,180.839436873391,180.839436873391,11.2969696969697
-0.485225092126451,1.7169057907487,-1.81446661737594,0.485225092126451,-1.7169057907487,0.407167029001223,187.612427374413,187.612427374413,11.3454545454545
-0.485225092126451,1.7169057907487,-1.81446661737594,0.485225092126451,-1.7169057907487,0.407167029001224,193.712252298175,193.712252298175,11.3939393939394
-0.485225092126451,1.7169057907487,-1.81446661737594,0.485225092126451,-1.7169057907487,0.407167029001224,199.068052110229,199.068052110229,11.4424242424242
-0.485225092126451,1.7169057907487,-1.81446661737594,0.485225092126451,-1.7169057907487,0.407167029001224,203.608967276127,203.608967276127,11.4909090909091
-0.485225092126451,1.7169057907487,-1.81446661737594,0.485225092126451,-1.7169057907487,0.407167029001223,207.264138261421,207.264138261421,11.5393939393939
-0.485225092126451,1.7169057907487,-1.81446661737594,0.485225092126451,-1.7169057907487,0.407167029001223,209.962705531663,209.962705531663,11.5878787878788
-0.485225092126451,1.7169057907487,-1.81446661737594,0.485225092126451,-1.7169057907487,0.407167029001223,211.633809552403,211.633809552403,11.6363636363636
-0.485225092126451,1.7169057907487,-1.81446661737594,0.485225092126451,-1.7169057907487,0.407167029001224,212.206590789194,212.206590789194,11.6848484848485
