0.487826788085309,-1.7259241557922,0.502282020949916,-0.489405516645012,1.72613072603297,-0.502901216137095,211.633809552403,211.633809552403,0.0484848484848485
0.47771737146156,-1.72335759231728,0.497852858891618,-0.48917931202257,1.72487886841114,-0.502338904457777,209.962705531663,209.962705531663,0.096969696969697
0.45382248009248,-1.71716931644302,0.487452622631887,-0.488640325935942,1.72194339199672,-0.501010664753966,207.264138261421,207.264138261421,0.145454545454545
0.414113458196238,-1.70652266349885,0.470393132343248,-0.487731272749095,1.71714336961245,-0.498808860636333,203.608967276127,203.608967276127,0.193939393939394
0.359307019833215,-1.69113620977309,0.447338588271019,-0.486449377350413,1.71069703149597,-0.495791018398232,199.068052110229,199.068052110229,0.242424242424242
0.292054083077788,-1.67127049672455,0.419887266470656,-0.484833297990464,1.70311156322912,-0.49214418163834,193.712252298175,193.712252298175,0.290909090909091
0.216039850483093,-1.64768643197532,0.390053123559497,-0.482949044335878,1.69504121592558,-0.488138058692228,187.612427374413,187.612427374413,0.339393939393939
0.135259873589422,-1.62153071643624,0.359811575876071,-0.480878077126311,1.68715255242737,-0.484075932900194,180.839436873391,180.839436873391,0.387878787878788
0.0536193390017067,-1.59418053750329,0.330822601827811,-0.478710666695191,1.68002211230895,-0.480251142627301,173.464140329559,173.464140329559,0.436363636363636
-0.0251774152229904,-1.56710430194829,0.304342572689323,-0.476544823715005,1.67406876164956,-0.476910713217774,165.557397277364,165.557397277364,0.484848484848485
-0.097607786728803,-1.54176108479425,0.281261378411347,-0.474487392214725,1.66951152962621,-0.474223573243139,157.190067251255,157.190067251255,0.533333333333333
-0.1603761111982,-1.51951624727949,0.262181260709967,-0.472651447496227,1.66635204706549,-0.47225502335517,148.43300978568,148.43300978568,0.581818181818182
-0.210667823395162,-1.50152847845771,0.247467894085225,-0.471144622229445,1.66439672827489,-0.470959319912717,139.357084415087,139.357084415087,0.63030303030303
-0.246649776496699,-1.48857297504251,0.237231220163946,-0.470047138370889,1.66333230163375,-0.470204941486719,130.033150673925,130.033150673925,0.678787878787879
-0.268125803656729,-1.48080574908288,0.231229357651937,-0.469384520493101,1.66283541918647,-0.469829007386424,120.532068096642,120.532068096642,0.727272727272727
-0.277173298275247,-1.47752554922043,0.228723955857994,-0.469103703838769,1.66265777984366,-0.46968807080727,110.924696217687,110.924696217687,0.775757575757576
-0.278616350319071,-1.47700191855797,0.228325587169879,-0.469058823906964,1.66263120176757,-0.469666569148853,101.281894571507,101.281894571507,0.824242424242424
-0.279139390074549,-1.47883801502661,0.228971882451979,-0.469023453315902,1.66282891372424,-0.469796030634461,91.6745226925518,91.6745226925518,0.872727272727273
-0.282371806029766,-1.49024765172116,0.232965400040384,-0.468805358900019,1.66405034547514,-0.470591542184789,82.1734401152689,82.1734401152689,0.921212121212121
-0.289825481813178,-1.51695920925485,0.242167960741421,-0.468306192009603,1.66685876507824,-0.472392379290013,72.849506374107,72.849506374107,0.96969696969697
-0.301767165768737,-1.56086742036861,0.256881040314487,-0.467520246598779,1.67130129773165,-0.475158218220472,63.7735810035143,63.7735810035143,1.01818181818182
-0.31754375665583,-1.62076776323064,0.276221887751994,-0.466516948073433,1.67695227375826,-0.478520396099473,55.0165235379392,55.0165235379392,1.06666666666667
-0.336087588307326,-1.69340174614706,0.298734371733658,-0.465406772338825,1.68303412588428,-0.481919172302008,46.6491935118299,46.6491935118299,1.11515151515152
-0.356334811394019,-1.77449376738016,0.322927073665242,-0.464306246295036,1.68859254680089,-0.48477826538479,38.742450459635,38.742450459635,1.16363636363636
-0.377393753145802,-1.85947074316034,0.347532194636159,-0.463314498724588,1.69269622843507,-0.48666439599883,31.3671539158026,31.3671539158026,1.21212121212121
-0.398485867371201,-1.94378400999289,0.371492380224401,-0.462502053811092,1.69465595821381,-0.487406354230856,24.5941634147812,24.5941634147812,1.26060606060606
-0.418777087074326,-2.02299218330009,0.393809651987036,-0.461904705881969,1.69426267417343,-0.487154772766485,18.4943384910191,18.4943384910191,1.30909090909091
-0.437243071170785,-2.09286651937677,0.41343061018379,-0.461518169947132,1.69196116078161,-0.486332851371892,13.1385386789647,13.1385386789647,1.35757575757576
-0.452716358858778,-2.14971218944686,0.429322615113591,-0.461300614876994,1.68875884368565,-0.485436791753793,8.59762351306639,8.59762351306639,1.40606060606061
-0.464181553533302,-2.19094458103285,0.44075320997798,-0.461192776225292,1.68578198265408,-0.484786321402532,4.94245252777237,4.94245252777237,1.45454545454545
-0.471191402052391,-2.21585935297242,0.447591184692438,-0.461144977309571,1.683770867999,-0.484439579133515,2.24388525753102,2.24388525753102,1.5030303030303
-0.474190218576438,-2.22646545682516,0.450480875286812,-0.461127961607069,1.68287690592458,-0.484309686803049,0.572781236790797,0.572781236790797,1.55151515151515
-0.474672948641198,-2.2281703306189,0.450944033569623,-0.461125391281087,1.6827314340373,-0.484289987933647,0,0,1.6
-0.474655707188323,-2.22816899424948,0.450952971661581,-0.461109442426849,1.68273084827097,-0.484286860931556,0.572781236790823,0.572781236790823,1.64848484848485
-0.474537158559093,-2.22815979685359,0.451014424850779,-0.46099977604965,1.68272681748076,-0.484265360293207,2.24388525753106,2.24388525753106,1.6969696969697
-0.474221990246233,-2.22813527031373,0.451177773931675,-0.460708175955037,1.68271607436254,-0.484208199411008,4.94245252777235,4.94245252777235,1.74545454545455
-0.473621742679275,-2.2280882581583,0.451488765519437,-0.460152630659005,1.68269550509823,-0.484099334028325,8.59762351306637,8.59762351306637,1.79393939393939
-0.472655292266628,-2.22801173515489,0.451989180275435,-0.459257646516745,1.68266208730263,-0.483924049616908,13.1385386789647,13.1385386789647,1.84242424242424
-0.471249433540192,-2.22789858977743,0.452716432053798,-0.45795462440862,1.68261281582654,-0.483669067383176,18.4943384910191,18.4943384910191,1.89090909090909
-0.469339502322682,-2.22774139112565,0.453703136765355,-0.456182261600697,1.68254462452122,-0.48332265916576,24.5941634147812,24.5941634147812,1.93939393939394
-0.466869981995346,-2.22753216181488,0.454976689421216,-0.453886940368811,1.68245431219821,-0.482874761689634,31.3671539158026,31.3671539158026,1.98787878787879
-0.463795037520046,-2.22726217743242,0.456558886037884,-0.451023066679829,1.68233848072633,-0.482317081147777,38.7424504596349,38.7424504596349,2.03636363636364
-0.460078927561739,-2.22692181112299,0.458465623436842,-0.447553326153129,1.68219349237363,-0.481643179977421,46.6491935118299,46.6491935118299,2.08484848484848
-0.455696254033188,-2.22650043864908,0.460706704344623,-0.44344883078776,1.68201545209588,-0.480848539006288,55.0165235379391,55.0165235379391,2.13333333333333
-0.450632020236156,-2.22598641500724,0.463285767824946,-0.438689138226548,1.68180021856646,-0.479930589814835,63.7735810035143,63.7735810035143,2.18181818181818
-0.444881482574644,-2.22536712868163,0.466200356491447,-0.433262134951038,1.68154344549485,-0.478888714078392,72.849506374107,72.849506374107,2.23030303030303
-0.438449795275239,-2.22462913432726,0.469442122914182,-0.4271637848132,1.6812406524176,-0.477724208657601,82.173440115269,82.173440115269,2.27878787878788
-0.431351461247019,-2.22375835959287,0.472997168984218,-0.420397753677154,1.68088732191224,-0.476440217119176,91.6745226925518,91.6745226925518,2.32727272727273
-0.423609613852983,-2.22274037737783,0.476846504510943,-0.412974928732696,1.68047901830726,-0.475041630029306,101.281894571507,101.281894571507,2.37575757575758
-0.415255162991649,-2.22156073141884,0.480966605577091,-0.404912856577882,1.68001152160497,-0.473534957648317,110.924696217687,110.924696217687,2.42424242424242
-0.406325844015392,-2.22020530091597,0.4853300494785,-0.396235127128288,1.67948096958501,-0.471928179505321,120.532068096642,120.532068096642,2.47272727272727
-0.396865209646574,-2.21866068896108,0.489906201456583,-0.386970730839657,1.67888400091286,-0.470230575744944,130.033150673925,130.033150673925,2.52121212121212
-0.386921603615406,-2.21691461970983,0.494661928674607,-0.3771534149798,1.67821789246935,-0.468452545166905,139.357084415087,139.357084415087,2.56969696969697
-0.376547150934582,-2.21495633032461,0.499562318610917,-0.36682106130769,1.67748068492148,-0.466605414610953,148.433009785679,148.433009785679,2.61818181818182
-0.365796794364779,-2.21277694544588,0.504571381783804,-0.356015103147271,1.6766712916328,-0.464701243878033,157.190067251255,157.190067251255,2.66666666666667
-0.354727400509032,-2.21036982405796,0.509652722029378,-0.344779995089707,1.67578958722397,-0.4627526298244,165.557397277364,165.557397277364,2.71515151515152
-0.343396952775663,-2.20773087086962,0.514770161035548,-0.333162743927473,1.67483647332634,-0.460772512704085,173.464140329559,173.464140329559,2.76363636363636
-0.331863842665195,-2.20485880655121,0.519888307196775,-0.321212505283296,1.67381392023756,-0.458773987328668,180.839436873391,180.839436873391,2.81212121212121
-0.320186265776597,-2.20175539323478,0.524973061902461,-0.308980246964691,1.67272498423396,-0.456770121199114,187.612427374413,187.612427374413,2.86060606060606
-0.308421724738727,-2.1984256135216,0.529992059003374,-0.296518477439473,1.67157380119564,-0.45477378145749,193.712252298175,193.712252298175,2.90909090909091
-0.296626637974493,-2.19487780282061,0.534915035381735,-0.283881035977256,1.67036555795085,-0.452797472304304,199.068052110229,199.068052110229,2.95757575757576
-0.284856050736718,-2.19112373615943,0.539714132293263,-0.271122939858729,1.66910644335704,-0.450853184415817,203.608967276127,203.608967276127,3.00606060606061
-0.27316344311022,-2.18717867167818,0.544364128490426,-0.258300283504583,1.66780358162351,-0.448952257854827,207.264138261421,207.264138261421,3.05454545454545
-0.261600628535267,-2.18306135385534,0.548842607120394,-0.245470184294433,1.66646495076282,-0.44710525997625,209.962705531663,209.962705531663,3.1030303030303
-0.250217735760216,-2.17879398014434,0.553130059062056,-0.232690770113807,1.66509928935449,-0.445321879865413,211.633809552403,211.633809552403,3.15151515151515
-0.239063266880873,-2.17440213513866,0.557209925759389,-0.220021204181046,1.66371599502748,-0.443610840896595,212.206590789194,212.206590789194,3.2
-0.228174197493808,-2.16991046675127,0.561072084822617,-0.20751015733738,1.66232371754175,-0.441978347948838,212.206590789194,212.206590789194,3.24848484848485
-0.217546812292658,-2.16532871522409,0.564722133103986,-0.195160946936566,1.6609261631404,-0.440423990759997,212.206590789194,212.206590789194,3.2969696969697
-0.20716813407588,-2.16066231148629,0.568168849408933,-0.182965984660295,1.6595256199285,-0.438945884009136,212.206590789194,212.206590789194,3.34545454545455
-0.197026054415209,-2.1559163420684,0.571420455611857,-0.170918256086235,1.65812422218704,-0.437542241184951,212.206590789194,212.206590789194,3.39393939393939
-0.187109250725687,-2.15109557955289,0.574484666735285,-0.15901126155199,1.65672396471671,-0.436211364364042,212.206590789194,212.206590789194,3.44242424242424
-0.177407113681204,-2.14620450941574,0.57736873495651,-0.147238964652897,1.65532671539233,-0.434951635313287,212.206590789194,212.206590789194,3.49090909090909
-0.167909683404598,-2.14124735379459,0.580079488455088,-0.13559574720443,1.65393422619972,-0.43376150771498,212.206590789194,212.206590789194,3.53939393939394
-0.158607593137529,-2.13622809262628,0.582623365854553,-0.124076369705576,1.6525481429789,-0.432639500348385,212.206590789194,212.206590789194,3.58787878787879
-0.149492019316968,-2.13115048252103,0.585006446883193,-0.112675936504514,1.65117001405951,-0.431584191089478,212.206590789194,212.206590789194,3.63636363636364
-0.140554637164105,-2.12601807368038,0.587234479774901,-0.101389865001218,1.64980129794284,-0.430594211613492,212.206590789194,212.206590789194,3.68484848484849
-0.131787581036813,-2.12083422511621,0.589312905846741,-0.0902138583298185,1.64844337016026,-0.429668242703445,212.206590789194,212.206590789194,3.73333333333333
-0.123183408915585,-2.11560211838821,0.591246881620941,-0.0791438810520175,1.64709752941682,-0.428805010083064,212.206590789194,212.206590789194,3.78181818181818
-0.114735070490292,-2.11032477004385,0.593041298802342,-0.0681761374655012,1.64576500311209,-0.428003280705073,212.206590789194,212.206590789194,3.83030303030303
-0.106435878395582,-2.10500504291738,0.594700802375651,-0.0573070521912413,1.64444695231665,-0.427261859436164,212.206590789194,212.206590789194,3.87878787878788
-0.0982794822094577,-2.09964565642198,0.596229807048011,-0.0465332527533338,1.6431444762706,-0.426579586088632,212.206590789194,212.206590789194,3.92727272727273
-0.090259844885093,-2.09424919594984,0.597632512230115,-0.035851553906455,1.64185861646132,-0.425955332755858,212.206590789194,212.206590789194,3.97575757575758
-0.0823712213324514,-2.08881812147931,0.598912915722058,-0.0252589435007117,1.64059036032938,-0.425388001414847,212.206590789194,212.206590789194,4.02424242424242
-0.0746081389052985,-2.08335477547483,0.600074826247394,-0.0147525697027934,1.63934064464499,-0.424876521764165,212.206590789194,212.206590789194,4.07272727272727
-0.0669653795821237,-2.07786139015405,0.601121874959725,-0.00432972941693574,1.63811035859134,-0.424419849269866,212.206590789194,212.206590789194,4.12121212121212
-0.0594379636573557,-2.07234009418693,0.602057526029888,0.00601214222998378,1.63690034658689,-0.424016963395704,212.206590789194,212.206590789194,4.16969696969697
-0.0520211347829285,-2.06679291888366,0.602885086408059,0.0162754814571941,1.63571141087397,-0.423666865996992,212.206590789194,212.206590789194,4.21818181818182
-0.0447103462204613,-2.06122180392103,0.603607714843283,0.0264626045555129,1.63454431389813,-0.423368579860133,212.206590789194,212.206590789194,4.26666666666667
-0.037501248181556,-2.05562860265115,0.604228430232928,0.0365757158595431,1.63339978049925,-0.423121147372138,212.206590789194,212.206590789194,4.31515151515152
-0.0303896761485686,-2.05001508703114,0.604750119365859,0.0466169150454714,1.63227849993319,-0.422923629306353,212.206590789194,212.206590789194,4.36363636363636
-0.0233716400809509,-2.04438295220809,0.605175544115743,0.0565882038238351,1.63118112774031,-0.422775103712353,212.206590789194,212.206590789194,4.41212121212121
-0.0164433144232894,-2.03873382078971,0.605507348134402,0.0664914920883607,1.63010828747544,-0.422674664899354,212.206590789194,212.206590789194,4.46060606060606
-0.00960102884071095,-2.03306924682776,0.605748063089621,0.0763286035748697,1.62906057231225,-0.422621422503795,212.206590789194,212.206590789194,4.50909090909091
-0.00284125961561193,-2.02739071953858,0.605900114486912,0.08610128107804,1.62803854653331,-0.422614500632801,212.206590789194,212.206590789194,4.55757575757576
0.00383937835310862,-2.02169966678229,0.605965827110547,0.0958111912684254,1.62704274691623,-0.42265303707621,212.206590789194,212.206590789194,4.60606060606061
0.010444139000824,-2.01599745832023,0.605947430115478,0.105459929147433,1.62607368402487,-0.422736182580644,212.206590789194,212.206590789194,4.65454545454545
0.0169761520449563,-2.01028540886815,0.605847061798497,0.115049022173853,1.62513184341384,-0.42286310017986,212.206590789194,212.206590789194,4.7030303030303
0.0234384294719082,-2.00456478096102,0.605666774074196,0.124579934091905,1.62421768675361,-0.423032964576211,212.206590789194,212.206590789194,4.75151515151515
0.0298338716010239,-1.99883678764373,0.605408536678717,0.134054068487631,1.6233316528828,-0.423244961568636,212.206590789194,212.206590789194,4.8
0.0361652727597066,-1.99310259500071,0.605074241122134,0.143472772097642,1.62247415879361,-0.423498287523054,212.206590789194,212.206590789194,4.84848484848485
0.0424353266004854,-1.9873633245362,0.604665704408287,0.152837337891793,1.62164560055575,-0.423792148881494,212.206590789194,212.206590789194,4.8969696969697
0.0486466310878893,-1.98162005541597,0.604184672539204,0.162149007949148,1.62084635418372,-0.424125761706636,212.206590789194,212.206590789194,4.94545454545455
0.0548016931803526,-1.97587382658028,0.603632823819653,0.171408976144715,1.62007677645182,-0.424498351258808,212.206590789194,212.206590789194,4.99393939393939
0.0609029332300629,-1.97012563873699,0.603011771976019,0.180618390662667,1.6193372056609,-0.424909151602754,212.206590789194,212.206590789194,5.04242424242424
0.0669526891215857,-1.96437645624303,0.602323069102451,0.189778356350294,1.61862796236053,-0.425357405241754,212.206590789194,212.206590789194,5.09090909090909
0.0729532201682279,-1.95862720888177,0.601568208446109,0.19888993692554,1.61794935002982,-0.425842362776911,212.206590789194,212.206590789194,5.13939393939394
0.0789067107834729,-1.95287879354318,0.600748627042395,0.20795415704977,1.61730165571997,-0.426363282589636,212.206590789194,212.206590789194,5.18787878787879
0.084815273943287,-1.94713207581313,0.599865708210088,0.21697200427637,1.61668515066134,-0.426919430545517,212.206590789194,212.206590789194,5.23636363636364
0.090680954453809,-1.94138789147771,0.598920783915575,0.225944430884755,1.61610009083746,-0.427510079717957,212.206590789194,212.206590789194,5.28484848484849
0.0965057320376763,-1.93564704794791,0.597915137014579,0.234872355608547,1.61554671752846,-0.42813451013008,212.206590789194,212.206590789194,5.33333333333333
0.102291524251201,-1.92991032560979,0.596850003379185,0.243756665265878,1.61502525782592,-0.428792008513556,212.206590789194,212.206590789194,5.38181818181818
0.108040189243594,-1.92417847910459,0.595726573917325,0.252598216299067,1.61453592512116,-0.429481868083097,212.206590789194,212.206590789194,5.43030303030303
0.113753528368553,-1.91845223854324,0.594545996491362,0.261397836230315,1.61407891956879,-0.430203388325497,212.206590789194,212.206590789194,5.47878787878788
0.119433288657756,-1.91273231065912,0.593309377741933,0.270156325039469,1.61365442852713,-0.43095587480216,212.206590789194,212.206590789194,5.52727272727273
0.125081165165001,-1.90701937990281,0.59201778482274,0.278874456469404,1.61326262697707,-0.431738638964163,212.206590789194,212.206590789194,5.57575757575758
0.130698803189147,-1.90131410948234,0.590672247051574,0.287552979264104,1.61290367792081,-0.432550997978978,212.206590789194,212.206590789194,5.62424242424242
0.136287800383353,-1.89561714235196,0.589273757482518,0.296192618344106,1.61257773276172,-0.433392274568012,212.206590789194,212.206590789194,5.67272727272727
0.141849708757574,-1.88992910215262,0.587823274403861,0.304794075923578,1.6122849316666,-0.434261796854241,212.206590789194,212.206590789194,5.72121212121212
0.14738603658077,-1.88425059410681,0.586321722766027,0.313358032572988,1.61202540391141,-0.435158898219216,212.206590789194,212.206590789194,5.76969696969697
0.152898250188821,-1.87858220587042,0.58476999554347,0.321885148230957,1.6117992682116,-0.436082917168797,212.206590789194,212.206590789194,5.81818181818182
0.158387775703724,-1.87292450834399,0.583168955034253,0.33037606316865,1.61160663303787,-0.437033197207013,212.206590789194,212.206590789194,5.86666666666667
0.16385600066925,-1.86727805644571,0.581519434100765,0.33883139890977,1.61144759691839,-0.438009086717481,212.206590789194,212.206590789194,5.91515151515152
0.169304275607887,-1.86164338984823,0.579822237354846,0.347251759109008,1.61132224872821,-0.439009938851857,212.206590789194,212.206590789194,5.96363636363636
0.174733915503576,-1.85602103368128,0.578078142290314,0.355637730391545,1.61123066796669,-0.440035111424832,212.206590789194,212.206590789194,6.01212121212121
0.180146201214434,-1.85041149920206,0.576287900365777,0.363989883156061,1.6111729250237,-0.441083966815195,212.206590789194,212.206590789194,6.06060606060606
0.185542380819392,-1.844815284435,0.574452238040365,0.372308772343466,1.61114908143515,-0.442155871872547,212.206590789194,212.206590789194,6.10909090909091
0.190923670902408,-1.83923287478268,0.572571857764901,0.380594938173462,1.61115919012861,-0.443250197829246,212.206590789194,212.206590789194,6.15757575757576
0.196291257777699,-1.83366474360941,0.570647438930848,0.388848906850833,1.61120329565944,-0.444366320217197,212.206590789194,212.206590789194,6.20606060606061
0.201646298659178,-1.82811135279889,0.56867963877925,0.39707119124328,1.61128143443816,-0.445503618789128,212.206590789194,212.206590789194,6.25454545454545
0.206989922777148,-1.82257315328741,0.566669093271734,0.405262291532445,1.61139363494943,-0.446661477444,212.206590789194,212.206590789194,6.3030303030303
0.212323232445039,-1.81705058557378,0.564616417925537,0.413422695839685,1.61153991796311,-0.447839284156228,212.206590789194,212.206590789194,6.35151515151515
0.217647304078852,-1.81154408020733,0.562522208614379,0.421552880828019,1.6117202967379,-0.449036430908404,212.206590789194,212.206590789194,6.4
0.222963189171821,-1.80605405825498,0.560387042336945,0.42965331228161,1.61193477721796,-0.450252313627218,212.206590789194,212.206590789194,6.44848484848485
0.228271915226592,-1.80058093174862,0.558211477954583,0.437724445664015,1.61218335822283,-0.451486332122306,212.206590789194,212.206590789194,6.4969696969697
0.233574486647163,-1.79512510411372,0.555996056899775,0.445766726656379,1.61246603163109,-0.452737890027746,212.206590789194,212.206590789194,6.54545454545455
0.238871885592633,-1.78968697058012,0.553741303856835,0.453780591676668,1.61278278255795,-0.454006394745952,212.206590789194,212.206590789194,6.59393939393939
0.244165072794728,-1.78426691857607,0.551447727416212,0.461766468380959,1.6131335895273,-0.455291257393718,212.206590789194,212.206590789194,6.64242424242424
0.249454988340933,-1.77886532810614,0.549115820703689,0.469724776147738,1.61351842463827,-0.456591892750171,212.206590789194,212.206590789194,6.69090909090909
0.254742552424981,-1.77348257211408,0.546746061985721,0.47765592654612,1.6139372537267,-0.457907719206418,212.206590789194,212.206590789194,6.73939393939394
0.260028666066331,-1.76811901683115,0.544338915252063,0.485560323788809,1.61439003652179,-0.459238158716656,212.206590789194,212.206590789194,6.78787878787879
0.265314211800197,-1.76277502211089,0.541894830776795,0.493438365170614,1.614876726798,-0.460582636750549,212.206590789194,212.206590789194,6.83636363636364
0.270600054339572,-1.75745094175082,0.539414245658784,0.501290441493252,1.61539727252263,-0.461940582246653,212.206590789194,212.206590789194,6.88484848484848
0.275887041210663,-1.75214712380187,0.536897584342576,0.509116937477139,1.61595161599912,-0.463311427566718,212.206590789194,212.206590789194,6.93333333333333
0.281176003363027,-1.7468639108661,0.534345259120648,0.516918232160841,1.6165396940063,-0.464694608450656,212.206590789194,212.206590789194,6.98181818181818
0.286467755755664,-1.74160164038331,0.531757670617906,0.524694699288795,1.6171614379338,-0.466089563972007,212.206590789194,212.206590789194,7.03030303030303
0.291763097920244,-1.7363606449071,0.529135208259286,0.532446707687916,1.61781677391366,-0.467495736493723,212.206590789194,212.206590789194,7.07878787878788
0.29706281450259,-1.73114125237096,0.526478250721237,0.540174621633625,1.61850562294852,-0.468912571624099,212.206590789194,212.206590789194,7.12727272727273
0.302367675783474,-1.72594378634476,0.523787166367858,0.547878801205843,1.61922790103619,-0.47033951817269,212.206590789194,212.206590789194,7.17575757575758
0.307678438179747,-1.72076856628239,0.521062313672412,0.555559602635461,1.61998351929109,-0.47177602810604,212.206590789194,212.206590789194,7.22424242424242
0.31299584472675,-1.71561590776062,0.518304041624889,0.563217378641758,1.62077238406231,-0.473221556503092,212.206590789194,212.206590789194,7.27272727272727
0.318320625542937,-1.71048612271006,0.515512690126282,0.570852478761235,1.62159439704874,-0.474675561510093,212.206590789194,212.206590789194,7.32121212121212
0.32365349827757,-1.70537951963824,0.512688590370192,0.578465249668294,1.6224494554111,-0.476137504294881,212.206590789194,212.206590789194,7.36969696969697
0.328995168542312,-1.7002964038455,0.509832065212344,0.586056035488197,1.6233374518811,-0.477606849000379,212.206590789194,212.206590789194,7.41818181818182
0.334346330327537,-1.69523707763387,0.506943429528587,0.593625178102693,1.62425827486775,-0.479083062697177,212.206590789194,212.206590789194,7.46666666666667
0.339707666404077,-1.6902018405094,0.504022990561896,0.601173017448716,1.62521180856091,-0.480565615335046,212.206590789194,212.206590789194,7.51515151515152
0.345079848711162,-1.68519098937833,0.5010710482589,0.60869989181051,1.62619793303217,-0.482053979693262,212.206590789194,212.206590789194,7.56363636363636
0.350463538731229,-1.68020481873726,0.498087895596416,0.616206138105557,1.62721652433309,-0.483547631329597,212.206590789194,212.206590789194,7.61212121212121
0.355859387852267,-1.67524362085787,0.495073818898432,0.623692092164654,1.62826745459078,-0.485046048527858,212.206590789194,212.206590789194,7.66060606060606
0.36126803771834,-1.6703076859662,0.492029098144006,0.631158089006466,1.62935059210106,-0.486548712243826,212.206590789194,212.206590789194,7.70909090909091
0.367825628738299,-1.66428814875873,0.488260970983182,0.639289851906208,1.62963776820329,-0.488377109474451,211.633809552403,211.633809552403,7.75757575757576
0.373420762106639,-1.65873273793554,0.484765905174186,0.641494656907333,1.62413420127408,-0.4899539039934,209.962705531663,209.962705531663,7.80606060606061
0.379241182096399,-1.65228337268615,0.480699445754044,0.636587882515608,1.6094662341252,-0.491474275321773,207.264138261421,207.264138261421,7.85454545454545
0.385317952480657,-1.64480357836251,0.475947857347918,0.623540097771566,1.58399403646673,-0.492511688147998,203.608967276127,203.608967276127,7.9030303030303
0.391641194592003,-1.636345404164,0.470494247172937,0.602661842880562,1.54772377363583,-0.492330771039477,199.068052110229,199.068052110229,7.95151515151515
0.398169083489078,-1.62711303538893,0.464412375613296,0.575096473797204,1.50190903985752,-0.490056845969969,193.712252298175,193.712252298175,8
0.404836662611208,-1.61741672484558,0.457856349231842,0.542319676949409,1.44862373536743,-0.484900818588654,187.612427374413,187.612427374413,8.04848484848485
0.411562616772941,-1.60762239889674,0.451043244853841,0.505822400745437,1.39040135927834,-0.476341535139915,180.839436873391,180.839436873391,8.0969696969697
0.418252534322329,-1.59810442744452,0.444229772912251,0.467043419678378,1.33001107695334,-0.464249773478514,173.464140329559,173.464140329559,8.14545454545454
0.424798865027825,-1.58920487030669,0.437684238916488,0.427506112198637,1.27036525193583,-0.448992439711145,165.557397277364,165.557397277364,8.19393939393939
0.43108008861474,-1.58119775773811,0.431653093241544,0.389045134277805,1.21447332996006,-0.431537367836697,157.190067251255,157.190067251255,8.24242424242424
0.436963730775115,-1.57425903549963,0.426323782889066,0.353957721510183,1.16531705248655,-0.413501983011426,148.43300978568,148.43300978568,8.29090909090909
0.442318622794487,-1.56845068751241,0.42179445223564,0.324875495507612,1.12554619790412,-0.397005840876921,139.357084415087,139.357084415087,8.33939393939394
0.447039313186365,-1.56372947743331,0.418066743430043,0.304200274322653,1.09698199378196,-0.384193194770545,130.033150673925,130.033150673925,8.38787878787879
0.451078764859569,-1.55997594582584,0.415065908382885,0.293171684129828,1.0800251463058,-0.376473158888042,120.532068096642,120.532068096642,8.43636363636364
0.45447802556555,-1.55701715964839,0.412666213597242,0.290942904557534,1.07312128449331,-0.373796749660772,110.924696217687,110.924696217687,8.48484848484848
0.457381808444665,-1.55461457057297,0.410689446422974,0.29409985958481,1.07239008190685,-0.374348224972652,101.281894571507,101.281894571507,8.53333333333333
0.460003802577013,-1.55287792338016,0.409191139924177,0.29587322502139,1.07401909982907,-0.374952759371042,91.6745226925518,91.6745226925518,8.58181818181818
0.462461484351742,-1.5533585382323,0.409227235896121,0.286366363512457,1.08197592853166,-0.373024462686142,82.1734401152689,82.1734401152689,8.63030303030303
0.46479642886295,-1.55728940581,0.411608933714748,0.25932299117189,1.10040515787321,-0.367707990417066,72.849506374107,72.849506374107,8.67878787878788
0.467010006587532,-1.56518295679236,0.41656927176803,0.213277360852585,1.13152325328748,-0.360193958176162,63.7735810035143,63.7735810035143,8.72727272727273
0.469084870760418,-1.57695389888227,0.42384907814863,0.150501313952171,1.17588372554762,-0.353289557500368,55.0165235379392,55.0165235379392,8.77575757575758
0.471010447808042,-1.59204713847816,0.432849593485832,0.0753039209272521,1.23246147458728,-0.35027341897791,46.6491935118299,46.6491935118299,8.82424242424242
0.472798779886018,-1.60956902792341,0.442816134363328,-0.00756449136878321,1.29881253315532,-0.353716882102646,38.742450459635,38.742450459635,8.87272727272727
0.474480868640351,-1.62840413932922,0.453003127780684,-0.0937765976052393,1.37139130489628,-0.36478939182599,31.3671539158026,31.3671539158026,8.92121212121212
0.476085410155936,-1.64731280093451,0.462789007753655,-0.179489843331654,1.44592153266498,-0.383069232864945,24.5941634147812,24.5941634147812,8.96969696969697
0.477611450606259,-1.66504061381481,0.471728822908454,-0.260966651758897,1.51775273927912,-0.406648114178591,18.4943384910191,18.4943384910191,9.01818181818182
0.479011342601767,-1.680472419821,0.479529816618273,-0.334236314590304,1.58226156927585,-0.432443838032409,13.1385386789647,13.1385386789647,9.06666666666667
0.480199362949603,-1.69279449919787,0.485954300314742,-0.395197587033289,1.63537090522423,-0.456789576382277,8.59762351306639,8.59762351306639,9.11515151515152
0.481087875734127,-1.70158302031978,0.490747505585526,-0.440352507319314,1.67418833935997,-0.47629767078,4.94245252777237,4.94245252777237,9.16363636363636
0.481632608040778,-1.70683700117974,0.493729732191529,-0.468072478098783,1.69775058881732,-0.488832510060881,2.24388525753102,2.24388525753102,9.21212121212121
0.481864652118852,-1.70906333448947,0.495024025039393,-0.47998088970755,1.70780369966007,-0.494339080477424,0.572781236790797,0.572781236790797,9.26060606060606
0.48190168265516,-1.70942092552835,0.495233716894308,-0.481901682655161,1.70942092552835,-0.495233716894307,0,0,9.30909090909091
0.48190168265516,-1.70942092552835,0.495233716894308,-0.481901682655161,1.70942092552835,-0.495233716894307,0.572781236790823,0.572781236790823,9.35757575757576
0.48190168265516,-1.70942092552835,0.495233716894307,-0.481901682655161,1.70942092552835,-0.495233716894307,2.24388525753106,2.24388525753106,9.40606060606061
0.48190168265516,-1.70942092552835,0.495233716894308,-0.481901682655161,1.70942092552835,-0.495233716894307,4.94245252777235,4.94245252777235,9.45454545454546
0.48190168265516,-1.70942092552835,0.495233716894307,-0.481901682655161,1.70942092552835,-0.495233716894307,8.59762351306637,8.59762351306637,9.5030303030303
0.48190168265516,-1.70942092552835,0.495233716894307,-0.481901682655161,1.70942092552835,-0.495233716894307,13.1385386789647,13.1385386789647,9.55151515151515
0.48190168265516,-1.70942092552835,0.495233716894308,-0.481901682655161,1.70942092552835,-0.495233716894307,18.4943384910191,18.4943384910191,9.6
0.48190168265516,-1.70942092552835,0.495233716894308,-0.481901682655161,1.70942092552835,-0.495233716894307,24.5941634147812,24.5941634147812,9.64848484848485
0.48190168265516,-1.70942092552835,0.495233716894308,-0.481901682655161,1.70942092552835,-0.495233716894307,31.3671539158026,31.3671539158026,9.6969696969697
0.48190168265516,-1.70942092552835,0.495233716894308,-0.481901682655161,1.70942092552835,-0.495233716894307,38.7424504596349,38.7424504596349,9.74545454545455
0.48190168265516,-1.70942092552835,0.495233716894308,-0.481901682655161,1.70942092552835,-0.495233716894307,46.6491935118299,46.6491935118299,9.79393939393939
0.48190168265516,-1.70942092552835,0.495233716894308,-0.481901682655161,1.70942092552835,-0.495233716894307,55.0165235379391,55.0165235379391,9.84242424242424
0.48190168265516,-1.70942092552835,0.495233716894307,-0.481901682655161,1.70942092552835,-0.495233716894307,63.7735810035143,63.7735810035143,9.89090909090909
0.48190168265516,-1.70942092552835,0.495233716894308,-0.481901682655161,1.70942092552835,-0.495233716894307,72.849506374107,72.849506374107,9.93939393939394
0.48190168265516,-1.70942092552835,0.495233716894308,-0.481901682655161,1.70942092552835,-0.495233716894307,82.173440115269,82.173440115269,9.98787878787879
0.48190168265516,-1.70942092552835,0.495233716894308,-0.481901682655161,1.70942092552835,-0.495233716894307,91.6745226925518,91.6745226925518,10.0363636363636
0.48190168265516,-1.70942092552835,0.495233716894308,-0.481901682655161,1.70942092552835,-0.495233716894307,101.281894571507,101.281894571507,10.0848484848485
0.48190168265516,-1.70942092552835,0.495233716894308,-0.481901682655161,1.70942092552835,-0.495233716894307,110.924696217687,110.924696217687,10.1333333333333
0.48190168265516,-1.70942092552835,0.495233716894307,-0.481901682655161,1.70942092552835,-0.495233716894307,120.532068096642,120.532068096642,10.1818181818182
0.48190168265516,-1.70942092552835,0.495233716894308,-0.481901682655161,1.70942092552835,-0.495233716894307,130.033150673925,130.033150673925,10.230303030303
0.48190168265516,-1.70942092552835,0.495233716894307,-0.481901682655161,1.70942092552835,-0.495233716894307,139.357084415087,139.357084415087,10.2787878787879
0.48190168265516,-1.70942092552835,0.495233716894308,-0.481901682655161,1.70942092552835,-0.495233716894307,148.433009785679,148.433009785679,10.3272727272727
0.48190168265516,-1.70942092552835,0.495233716894308,-0.481901682655161,1.70942092552835,-0.495233716894307,157.190067251255,157.190067251255,10.3757575757576
0.48190168265516,-1.70942092552835,0.495233716894308,-0.481901682655161,1.70942092552835,-0.495233716894307,165.557397277364,165.557397277364,10.4242424242424
0.48190168265516,-1.70942092552835,0.495233716894307,-0.481901682655161,1.70942092552835,-0.495233716894307,173.464140329559,173.464140329559,10.4727272727273
0.48190168265516,-1.70942092552835,0.495233716894307,-0.481901682655161,1.70942092552835,-0.495233716894307,180.839436873391,180.839436873391,10.5212121212121
0.48190168265516,-1.70942092552835,0.495233716894308,-0.481901682655161,1.70942092552835,-0.495233716894307,187.612427374413,187.612427374413,10.569696969697
0.48190168265516,-1.70942092552835,0.495233716894308,-0.481901682655161,1.70942092552835,-0.495233716894307,193.712252298175,193.712252298175,10.6181818181818
0.48190168265516,-1.70942092552835,0.495233716894308,-0.481901682655161,1.70942092552835,-0.495233716894307,199.068052110229,199.068052110229,10.6666666666667
0.48190168265516,-1.70942092552835,0.495233716894308,-0.481901682655161,1.70942092552835,-0.495233716894307,203.608967276127,203.608967276127,10.7151515151515
0.48190168265516,-1.70942092552835,0.495233716894308,-0.481901682655161,1.70942092552835,-0.495233716894307,207.264138261421,207.264138261421,10.7636363636364
0.48190168265516,-1.70942092552835,0.495233716894307,-0.481901682655161,1.70942092552835,-0.495233716894307,209.962705531663,209.962705531663,10.8121212121212
0.48190168265516,-1.70942092552835,0.495233716894308,-0.481901682655161,1.70942092552835,-0.495233716894307,211.633809552403,211.633809552403,10.8606060606061
0.48190168265516,-1.70942092552835,0.495233716894308,-0.481901682655161,1.70942092552835,-0.495233716894307,212.206590789194,212.206590789194,10.9090909090909
